1,454.7769,129.0856,438.6992,392.6659,500.038,391.941
2,454.6498,129.0026,440.2836,392.5209,498.1557,392.3996
3,454.6386,129.1186,440.908,392.4546,497.2457,392.4759
4,454.6061,128.9207,441.1907,392.2648,496.8289,392.5997
5,454.7044,128.9314,441.4073,392.1152,496.4994,392.7349
6,454.4739,128.894,441.5299,391.9938,496.2367,392.8641
7,454.4101,128.9042,441.5598,391.8515,496.0373,392.9916
8,454.4805,128.9088,441.5861,391.7387,495.8473,393.0957
9,454.479,128.9135,441.6301,391.648,495.671,393.1987
10,454.4737,128.9397,441.6808,391.5376,495.5108,393.2886
11,454.5558,128.8479,441.7257,391.4148,495.3482,393.3693
12,454.5478,128.8702,441.8097,391.2658,495.2033,393.4407
13,454.4878,129.84,441.8821,391.063,495.0809,393.5024
14,454.4932,129.7482,441.9429,390.9473,495.0127,393.5863
15,454.4288,129.587,441.9861,390.8307,494.9178,393.6607
16,454.6266,129.2662,442.0186,390.7261,494.8363,393.7566
17,454.5052,129.2053,441.8415,390.5646,494.8532,393.7805
18,454.2003,129.0218,441.7743,390.3535,494.9784,393.7671
19,454.4494,129.0093,441.7203,390.1918,495.1891,393.7877
20,454.4041,128.8263,441.714,389.8284,495.5476,393.6269
21,454.712,128.1391,441.7866,388.2178,495.4438,392.1589
22,455.2439,127.7442,440.9593,384.3202,497.6102,389.612
23,456.4413,127.8637,435.7062,375.6224,503.6559,388.5028
24,457.263,128.1693,428.903,362.7115,512.2013,386.6928
25,457.3047,128.6444,416.3563,322.6907,521.28,378.7809
26,457.7077,128.4853,406.8426,274.8898,529.1537,369.9858
27,458.091,128.3652,389.604,224.3336,534.2748,363.7168
28,458.4074,128.7839,374.6668,193.5949,536.929,359.51
29,460.2139,126.7669,369.92,178.1795,536.5308,357.2656
30,460.4936,126.9912,371.1182,169.1741,533.9548,355.9405
31,462.9908,124.8902,380.2769,168.6216,529.2049,354.1856
32,463.6959,125.5697,398.9974,175.5962,522.3641,352.3468
33,465.3907,125.4899,417.7875,188.7739,514.9812,350.1011
34,467.1167,125.1062,435.2627,209.7126,508.1492,347.6598
35,468.6828,124.3124,456.0642,227.3897,502.3527,345.4091
36,470.5412,124.2337,468.1441,250.0111,499.1074,343.1314
37,471.9543,123.7925,479.6272,269.9437,496.6125,340.1878
38,472.7854,124.7155,482.2755,284.6497,495.4122,337.9539
39,474.6504,125.6912,482.2357,296.6309,494.3856,334.6684
40,474.9664,126.9898,481.2147,304.6705,494.737,332.7925
41,476.5018,128.3357,480.532,309.4888,495.0771,334.0357
42,478.3544,128.6799,480.3823,315.0306,495.1688,335.0661
43,479.4261,128.9769,480.1375,321.0668,495.2339,335.7176
44,480.6056,129.6956,479.1268,328.0332,495.4443,336.839
45,482.119,129.7805,477.3905,334.8156,493.4467,338.755
46,482.8456,130.589,473.766,341.4889,490.9508,342.1217
47,483.7053,130.7876,468.4154,347.4012,486.3003,346.1111
48,484.7554,131.0439,463.4431,351.2808,484.0326,348.2356
49,484.4384,131.3797,458.1354,353.2029,481.5234,348.8975
50,484.2595,131.5114,455.296,352.7436,480.6888,347.7957
51,484.5777,130.5824,452.744,350.7847,481.3321,344.7274
52,483.6817,130.7731,449.437,349.7497,482.4618,341.6572
53,482.535,130.3303,448.8602,348.3566,483.3267,339.1902
54,481.6825,129.82,444.6977,346.3967,486.8857,340.3163
55,481.8497,128.0132,442.2678,346.8031,495.608,346.2804
56,480.7532,126.9173,442.8037,348.6781,506.4592,354.2266
57,479.5943,125.7051,440.9162,352.4131,516.7306,363.4639
58,478.0716,124.8997,438.8508,357.2866,524.3404,371.734
59,476.2087,123.5864,437.6064,361.2499,527.3773,378.2572
60,473.8319,123.5157,436.7147,365.6773,525.5916,381.703
61,471.7618,123.3018,437.9187,368.6573,521.603,380.1993
62,469.4132,122.9546,438.1769,370.6586,512.801,377.3774
63,467.2344,122.3777,438.5183,373.5426,502.7767,375.0334
64,465.4424,121.7231,438.9817,375.8648,493.8913,374.6519
65,463.7968,121.004,438.0865,378.8093,489.4678,377.6314
66,461.8974,120.222,436.1434,382.2406,488.4505,381.735
67,460.6214,119.5264,436.4677,383.9349,489.2666,384.8339
68,459.2711,118.5232,436.7826,385.1944,490.2562,386.5761
69,458.4119,117.3918,436.7502,385.1274,490.1493,386.4029
70,457.8157,116.5979,436.655,385.0595,489.9953,386.2547
71,457.3477,116.2124,436.5619,385.0255,489.8862,386.3258
72,456.9134,116.1376,436.4948,384.966,489.7763,386.3664
73,457.2615,116.1009,436.4399,384.9187,489.7422,386.3807
74,457.1812,115.6378,436.3665,384.9443,489.668,386.3767
75,457.2681,115.6015,436.1392,384.7782,489.593,386.3619
76,457.2834,115.9186,435.8458,384.5942,489.5554,386.2336
77,457.2934,116.0862,435.9527,384.4095,489.5645,386.1491
78,457.9295,115.8286,435.6524,384.1502,489.6457,386.1286
79,458.4635,115.833,434.7386,383.8373,489.833,386.0676
80,459.1848,115.9031,435.2269,383.5959,490.123,386.0566
81,459.6588,115.9986,434.4728,382.5561,491.9364,384.857
82,460.2788,116.1002,429.0659,378.2931,498.4654,384.7557
83,461.8067,116.3184,416.4632,364.3548,508.2295,381.7444
84,463.1473,117.0808,408.0306,340.8532,517.9577,378.0226
85,464.5194,117.6087,394.8801,300.7817,529.6368,369.4976
86,466.4218,117.3001,382.3897,251.1338,540.1667,362.6299
87,468.3477,118.1171,367.709,202.7086,548.6586,357.9867
88,470.2155,118.7006,361.9198,171.9177,552.517,353.6181
89,472.7324,119.5102,354.0477,146.1366,552.9637,349.6253
90,474.8355,120.4513,352.0061,128.9704,551.3323,346.9763
91,476.9333,121.2795,358.6171,121.4056,546.3179,344.3998
92,478.7324,121.2552,367.0098,121.8471,539.9209,343.1185
93,480.1366,122.9104,383.374,130.9333,532.1305,341.6446
94,481.3505,124.6392,403.0088,147.8216,525.1401,340.0329
95,483.583,124.9507,423.433,170.3161,518.315,338.1019
96,484.3966,125.2278,448.3642,201.3158,512.7337,336.8502
97,485.3405,125.1477,464.1612,224.8678,508.0066,335.0482
98,486.0233,125.6219,481.2743,251.1211,504.6248,333.0013
99,486.298,125.7722,489.2433,269.145,502.2409,330.7666
100,486.3272,126.5095,489.6926,283.4707,501.0053,326.8613
101,487.0784,126.5906,488.9458,291.8372,501.1654,325.1647
102,487.1534,127.3487,489.1193,295.634,502.398,326.4274
103,488.0349,127.0637,489.5548,299.2834,503.9709,326.7925
104,487.9537,127.3179,490.7245,303.3983,504.932,326.4216
105,488.0106,127.2278,491.3636,306.6659,505.4461,325.8803
106,489.174,126.935,491.9086,309.7671,506.0027,325.4743
107,489.3263,126.414,491.6159,312.8241,505.9057,325.0334
108,489.3379,126.4375,491.1588,315.8442,505.8751,325.1513
109,488.9167,126.8814,489.986,318.3072,504.661,326.071
110,489.066,126.2617,488.589,320.3063,503.8734,326.4865
111,489.1188,125.7489,486.3633,322.3375,501.9486,327.3517
112,488.8541,125.5873,484.0199,323.9482,500.6884,328.8149
113,488.3797,124.8124,482.451,324.3916,500.1027,329.4024
114,487.8207,124.3702,481.8413,324.5739,500.9396,329.3094
115,487.4494,123.5241,481.1038,323.8746,500.9908,328.3832
116,486.5469,122.3536,480.4579,323.1903,501.4636,326.7533
117,485.6225,121.0791,480.3428,322.0392,501.7846,324.8445
118,484.5933,119.8764,480.0985,320.9447,503.6192,324.843
119,483.4154,118.723,477.8095,318.5287,505.9312,330.4473
120,482.1284,118.1305,472.4505,316.6637,511.9255,343.5862
121,480.6305,117.2379,464.032,319.5329,518.926,356.3882
122,479.2252,116.7576,455.358,326.6089,525.1992,367.0399
123,477.5812,116.4584,448.8521,334.1335,528.4072,374.7096
124,475.6867,116.6459,441.6909,345.3987,530.3486,380.8476
125,473.9871,116.9051,436.1515,355.6605,528.6889,382.2638
126,472.457,116.9787,432.5151,363.8183,522.7156,382.5426
127,471.0444,117.3069,430.8414,369.7068,515.3025,380.6986
128,469.5681,116.9698,431.764,373.3778,506.0352,377.9767
129,468.2534,116.7819,432.3467,375.9977,498.8687,375.9128
130,467.0926,116.1493,430.2328,378.2358,497.5774,376.6937
131,465.8138,115.7841,428.7927,380.0152,498.615,378.8606
132,464.7747,115.5501,428.464,380.8382,499.6011,380.6487
133,463.9455,115.143,428.227,381.0795,499.458,380.4685
134,463.306,114.4352,427.8803,381.0685,499.3152,380.273
135,463.0814,114.3582,427.5428,381.0402,499.2496,380.2337
136,462.4891,114.2055,427.0943,380.9635,499.1328,380.2106
137,462.2975,114.1604,426.8479,380.8553,499.0044,380.1696
138,461.8396,114.2715,426.3561,380.8451,498.9631,380.0431
139,462.0741,114.6343,425.953,380.7842,498.8402,379.9133
140,462.0087,114.6894,425.5177,380.6668,498.7618,379.8087
141,462.2521,114.2654,424.9973,380.4794,498.7194,379.6883
142,462.6942,114.1723,424.3526,380.463,498.9658,379.6089
143,463.1183,114.3718,423.4398,379.7897,500.0407,379.4426
144,463.7564,114.5395,420.6824,377.9588,502.7704,378.4499
145,464.5523,115.1209,413.1025,366.8013,512.6666,381.2135
146,465.3222,115.6899,403.5586,340.1217,522.1064,379.1823
147,466.3534,116.7096,386.9831,304.4955,532.2663,375.569
148,467.2951,117.2475,370.9162,257.0711,541.738,372.8156
149,468.5288,117.5668,358.1841,204.2423,548.0509,370.0967
150,469.49,118.1033,346.3977,174.6176,549.7226,366.9366
151,471.3355,119.353,337.6513,143.4566,548.9086,363.8811
152,472.7541,119.7349,337.036,122.6625,546.3179,360.8761
153,475.1313,120.9338,341.8789,111.0575,543.202,358.2952
154,477.2345,121.9777,348.3473,104.2303,538.8707,356.0927
155,479.4551,123.9274,356.1761,104.1114,533.9802,353.9538
156,481.7015,125.1492,369.3396,110.4225,529.331,351.9644
157,482.6861,127.3943,390.4142,128.5791,524.9044,349.7345
158,484.2221,129.5718,416.2601,155.8489,520.8387,346.7333
159,485.922,129.7026,439.0051,184.0118,515.6844,343.1759
160,487.2114,129.3507,457.5624,211.5919,510.663,339.4518
161,488.3551,128.9923,476.3402,238.757,507.0097,335.7889
162,488.9032,129.7276,487.0174,262.3954,504.2314,332.8121
163,489.852,130.5049,492.9396,278.9123,503.3114,330.8327
164,490.5175,130.9161,493.6052,288.9119,503.4748,328.1019
165,490.9448,131.2822,492.9619,292.9147,504.514,328.2488
166,491.7594,131.6555,493.3267,295.9489,505.7503,327.9666
167,492.545,132.245,494.8088,300.1352,506.0333,327.0205
168,493.163,132.37,494.927,304.5075,506.6343,326.3051
169,493.498,131.8793,495.4241,308.9139,506.7906,326.0071
170,493.3099,131.7941,495.0467,312.5625,506.8627,326.0612
171,493.7977,131.9214,494.4877,316.4883,506.1886,327.0485
172,493.8248,131.2903,492.2459,320.2162,504.8264,327.7532
173,493.8097,130.3878,490.0578,322.1288,501.1592,327.333
174,493.6609,129.0302,486.7986,323.9335,498.3019,327.7139
175,492.798,129.1092,483.364,325.6243,496.3784,327.8002
176,492.3837,128.2675,481.3003,325.7031,495.7872,327.3125
177,491.8958,127.2329,480.4146,325.4926,496.4102,326.6693
178,491.1484,126.2738,478.9637,325.3375,496.0389,325.5277
179,490.1918,124.7061,477.9732,324.3876,495.9914,324.1961
180,489.3015,123.8579,477.0137,323.8582,497.9562,322.9484
181,487.9759,122.2196,478.0747,322.7248,501.4202,326.2198
182,486.8449,120.8754,477.7111,320.8692,509.6815,338.8142
183,485.0132,120.1942,472.9825,321.834,517.6122,353.4362
184,484.015,119.8417,464.1005,326.9321,525.0452,365.4056
185,482.4962,119.0853,455.8673,333.4526,528.6654,375.0496
186,481.0326,119.4624,447.0061,345.5447,529.8525,380.9634
187,479.502,118.6644,441.3798,354.9328,526.7265,383.4621
188,477.3762,119.0106,437.1831,364.2913,522.6668,382.7764
189,475.4514,118.1939,435.9288,370.1902,516.1176,381.8358
190,474.0391,118.1419,436.1507,374.7021,507.3874,380.588
191,471.9113,117.3426,437.261,378.4506,498.5946,380.4747
192,470.3743,116.7977,436.9008,382.2391,491.3966,381.1404
193,469.0432,116.7798,434.867,384.1332,488.4861,382.9343
194,467.2375,116.5889,434.3237,385.4271,488.7786,385.1056
195,465.9606,115.9345,434.8944,386.596,490.586,387.2675
196,464.887,115.5596,434.7656,387.2124,490.7864,388.2003
197,463.6533,114.7774,434.4212,386.9779,490.4975,388.0312
198,462.9773,114.6217,434.0447,386.7948,490.5633,387.9265
199,461.9218,114.3722,433.6749,386.6318,490.7029,387.9436
200,461.2579,113.8832,433.2994,386.4846,491.0187,387.8939
201,460.7844,113.9847,432.9409,386.3101,491.3612,387.7973
202,460.3313,114.4866,432.5606,386.0294,491.7211,387.7416
203,459.9512,114.4155,432.1886,385.6621,492.2384,387.6336
204,459.9387,114.3786,431.9436,384.9785,492.9507,387.5942
205,460.392,114.3203,431.8602,384.1424,494.1741,387.1219
206,461.1499,115.0146,429.4825,381.0018,499.7739,386.1859
207,462.1346,115.8848,422.7119,368.715,511.4906,384.1415
208,463.2867,117.6663,416.8969,349.3304,523.7066,380.6319
209,464.7944,118.6645,406.7841,313.3795,536.842,370.8104
210,466.4445,119.6188,394.7711,267.7925,547.2304,359.4813
211,468.1853,120.5704,379.1987,220.8524,553.09,350.2886
212,470.7336,121.7672,367.6488,181.1503,555.334,342.2546
213,473.3632,122.8806,358.8986,152.9021,554.3592,335.9347
214,476.235,123.7136,356.7243,131.0738,550.6495,331.69
215,479.1915,125.1771,360.5078,120.5356,546.0785,330.0223
216,482.6351,126.8456,366.1189,116.3857,540.7435,329.8023
217,485.7674,128.0546,372.94,119.545,534.4404,331.8978
218,487.9534,131.6956,385.9074,128.601,528.8711,333.7984
219,489.6213,134.1924,403.8369,145.2923,523.2969,335.7058
220,491.249,135.5684,422.3821,167.2131,518.9621,337.6208
221,492.7589,136.8171,437.5694,190.1537,514.8203,339.0766
222,494.7419,136.9457,452.3083,214.7252,510.8861,339.9533
223,494.8935,136.9542,468.6957,242.139,507.7438,339.7239
224,495.4401,137.461,479.4731,265.8892,504.7692,339.0118
225,495.6519,137.6797,487.8804,281.6731,503.1188,338.0248
226,495.9943,137.6915,488.2388,293.4735,501.9244,335.6316
227,496.1078,137.8807,487.314,299.7362,501.9053,335.4061
228,496.1387,137.9143,487.4918,304.2369,502.1297,337.2278
229,495.8853,138.0813,487.7279,308.2643,502.7617,337.934
230,495.3472,137.0345,488.0501,313.2049,503.5755,338.823
231,495.0171,135.9174,487.8717,318.3865,503.3854,339.4998
232,494.5042,134.7233,487.6799,322.4376,503.3345,339.5625
233,493.9599,133.4855,486.5192,326.337,502.2811,339.6308
234,493.3929,132.3563,485.3435,329.1689,501.6232,339.9798
235,492.5667,131.451,483.5655,332.3266,500.118,340.9539
236,491.4541,130.6353,481.3429,334.9346,497.3615,342.1718
237,490.5509,129.2567,477.122,338.8681,493.6414,342.8511
238,489.4653,127.9696,472.5386,341.9243,491.513,344.3016
239,487.9834,127.0604,469.4261,343.5214,489.9342,345.155
240,486.456,125.9581,467.0842,343.7066,489.424,344.8162
241,485.4756,125.5068,465.8108,343.5393,489.3634,344.1637
242,484.3157,123.8701,463.4525,342.5293,489.432,342.802
243,482.8748,122.6626,461.9063,340.9285,489.8938,340.1685
244,481.7705,121.204,459.1627,336.8993,492.3346,338.5439
245,480.4341,120.3536,458.4192,331.5408,498.7513,341.6705
246,479.3707,119.9482,455.873,330.6218,508.2767,353.0851
247,478.3233,119.1705,452.1942,334.1277,517.4723,363.9365
248,476.9931,118.3268,447.5899,339.2904,524.7987,372.9062
249,475.8218,118.4419,441.9891,348.6839,531.174,379.8422
250,474.4981,118.4942,436.295,358.2269,532.5094,383.2278
251,473.3364,118.1084,434.0744,365.3082,531.4572,383.7804
252,472.0986,117.6157,435.4443,369.3585,528.282,383.4832
253,471.2788,117.4553,437.303,371.3724,522.0697,381.6754
254,470.1022,116.5979,437.416,373.5285,513.7023,380.3178
255,469.0527,115.8814,436.6062,374.4108,507.1656,380.8774
256,468.1196,115.7613,434.296,376.1755,503.3457,382.4617
257,467.225,115.1518,431.872,378.4558,501.9227,384.7817
258,466.2503,115.101,432.6696,379.5635,501.8008,386.8752
259,465.5101,114.741,434.0279,379.6724,501.5328,387.4837
260,464.43,114.314,434.7655,379.8826,501.5063,387.4433
261,464.1835,113.8391,434.221,380.6358,501.8517,387.3637
262,463.5954,113.6383,434.1424,380.447,500.2854,387.1856
263,463.0648,113.6373,435.0412,380.2464,497.1795,385.1666
264,462.4035,113.118,435.4455,380.091,494.9627,384.026
265,462.1822,113.2362,435.4973,379.8166,495.7491,384.9582
266,461.3765,113.3927,436.0874,379.9663,496.8461,385.4452
267,461.0777,113.6282,437.0049,379.55,497.7216,384.9117
268,460.9308,113.8092,437.6096,379.6345,497.703,384.0943
269,461.2806,113.9542,436.3579,375.9396,501.3803,384.533
270,461.7848,115.1245,431.5381,367.8951,507.1293,388.336
271,462.6615,116.4997,419.0731,340.2479,514.8527,392.4236
272,463.1473,117.568,410.9668,300.2095,523.4102,392.9493
273,464.1681,118.2505,395.0488,255.2065,531.0263,391.326
274,465.5032,119.0406,381.0451,209.7882,535.0348,388.8669
275,467.6606,120.0069,370.2716,178.2007,537.825,385.1049
276,470.1435,121.3792,363.9725,157.6293,539.3661,382.5354
277,472.1855,122.3596,359.7541,137.9688,539.2235,379.5304
278,475.6147,124.411,363.097,128.4893,538.4739,377.7007
279,478.4211,126.8529,367.8464,126.1813,536.0767,375.8914
280,481.7298,129.7514,371.6973,129.8337,533.3038,374.8203
281,485.1416,133.5859,384.157,140.4775,529.2676,373.7059
282,487.5414,136.874,401.3196,157.5601,525.7947,372.0782
283,489.6643,139.0555,418.8984,178.2138,522.5298,371.5773
284,491.2281,140.0232,435.6431,203.2218,519.0479,370.5187
285,493.6883,139.2944,448.9549,225.4575,515.3801,369.3155
286,494.5609,140.6178,462.9995,255.5257,512.3707,368.3073
287,495.6894,140.9313,477.1783,277.5597,508.7811,366.8397
288,495.9861,141.111,484.1584,298.4458,505.8663,365.252
289,495.9993,141.5586,487.1208,312.5231,503.9232,363.731
290,496.6734,141.3806,488.8172,323.415,502.9962,358.7889
291,497.2672,141.4212,489.4335,328.1164,503.5603,360.7162
292,497.8962,141.0486,491.8449,330.111,504.4275,359.4944
293,498.5319,141.2511,494.5373,332.1237,503.4287,357.5956
294,498.7958,141.7446,497.2526,334.2363,503.4704,356.7674
295,499.5805,141.9055,499.3699,336.4157,503.1708,356.3409
296,500.2769,141.5999,501.3784,339.1977,502.6494,355.1084
297,500.8903,141.3743,502.1862,342.3212,501.5361,354.316
298,501.3226,141.2037,503.3298,345.057,500.8969,354.4302
299,501.2511,140.6263,502.4447,349.0066,499.3157,355.3228
300,500.9825,140.4844,501.747,352.6821,497.2017,356.9045
301,500.1021,139.4335,500.1602,355.2731,494.7026,358.3616
302,499.5182,137.926,499.3409,356.6842,492.8261,359.8651
303,498.2723,136.6299,498.6684,357.7636,490.0449,361.7738
304,496.5774,135.2027,498.4652,357.9977,487.6566,362.6424
305,494.9776,133.8994,498.6233,357.4343,486.0135,362.6992
306,493.1445,131.3661,499.0891,356.8696,484.0758,362.0374
307,491.0764,129.0812,500.1406,355.408,481.7567,361.1736
308,489.0282,127.0666,501.2958,354.3635,481.0336,359.406
309,487.5728,124.9343,505.9012,356.4406,480.9176,356.3003
310,485.5129,123.7677,509.6495,361.9144,477.1544,355.0635
311,483.7463,122.8905,517.1377,371.0804,469.5868,355.0124
312,482.4556,122.3812,523.6371,375.8652,458.9735,357.8178
313,481.0284,121.9043,527.946,377.8859,451.2496,362.0234
314,479.5179,121.5798,527.9213,379.8303,444.2722,368.0813
315,477.9799,121.3227,524.5079,379.8344,442.105,370.9674
316,476.3458,120.6932,518.0407,378.2756,442.1123,373.2066
317,475.2477,120.3943,509.5757,375.8286,443.083,373.4291
318,473.6134,119.8948,499.3569,374.3967,444.9551,370.3453
319,472.5064,119.2272,493.5585,374.116,444.0613,367.5668
320,471.2817,118.4206,493.3914,377.288,443.5277,372.875
321,470.2706,117.9458,493.8775,381.8721,442.7525,378.0801
322,469.3587,117.3606,493.4335,387.1875,442.5701,382.6873
323,470.5946,118.0235,494.7413,384.5439,444.5046,379.4184
324,469.2908,117.4129,493.7049,383.3211,446.3029,377.7792
325,468.5715,116.8462,492.2549,387.0698,447.7113,380.6236
