1,459.0147,115.8019,443.0032,384.9689,499.4618,388.7746
2,459.0157,115.5904,443.7412,385.4688,499.0318,388.6792
3,458.7923,115.4804,446.4756,385.353,497.1566,388.6733
4,458.9359,115.5734,446.3021,385.6185,495.7227,388.4038
5,458.9279,115.4317,448.0812,385.2183,495.507,388.3462
6,458.8951,115.2932,447.7924,385.1908,494.7394,388.2954
7,458.9692,115.3171,448.9679,385.1329,494.577,388.4112
8,459.0927,115.3614,448.7577,385.1319,494.0461,388.3358
9,459.1287,115.3162,449.6146,385.012,493.4734,388.3282
10,459.3044,115.2828,449.6215,384.8516,493.5553,388.3811
11,459.4831,115.1374,449.9383,384.8011,493.0104,388.4403
12,459.8458,115.2105,449.5584,384.7039,493.0929,388.4827
13,459.6987,115.9587,450.0359,384.774,492.8085,388.4264
14,459.586,115.8745,449.8614,384.7089,492.6018,388.5197
15,459.717,115.408,450.0697,384.6943,492.4816,388.5411
16,459.8036,115.6412,449.6137,384.7804,492.4667,388.6618
17,459.8986,115.6749,449.1376,384.5764,492.5085,388.7717
18,459.9317,115.5894,449.4321,384.745,492.4742,388.8252
19,459.9334,115.4477,448.7896,384.6634,492.4786,388.9095
20,459.8393,115.9365,449.5004,384.6144,492.413,388.9609
21,460.1309,116.1078,449.2674,384.6544,492.3663,389.0153
22,460.0988,116.0387,448.9651,384.4161,492.3381,389.086
23,460.0141,116.0854,449.3078,384.3475,492.307,389.1099
24,460.0028,116.0118,448.9074,384.1336,492.2852,389.1678
25,460.3723,116.3158,448.309,383.7297,492.2134,389.2264
26,460.3358,116.1997,448.6766,383.4715,492.2003,389.3192
27,459.7407,115.9717,448.6409,383.139,492.2532,389.384
28,459.306,116.01,447.0659,382.0714,492.3138,389.5045
29,459.5282,116.1874,448.0654,381.3873,492.4988,389.6062
30,459.5442,116.2097,446.1071,379.6426,492.9629,389.8386
31,459.4605,116.3293,446.4976,377.6091,493.7362,389.3629
32,459.5414,117.2727,441.6414,374.652,493.5602,388.2267
33,459.5605,117.4095,436.7397,372.596,495.1811,388.3044
34,459.4602,118.1835,432.9186,368.8956,496.7153,388.273
35,459.0303,118.5939,419.1274,353.155,494.5427,386.6905
36,458.6925,119.3005,405.9553,335.2673,492.3603,386.9025
37,458.1973,120.2672,395.7051,317.2281,491.657,387.2176
38,457.5401,120.1185,386.7917,302.1481,490.4409,387.6536
39,456.7205,120.852,378.636,291.6694,489.9893,387.7694
40,456.5564,120.9803,371.8528,286.7829,489.3919,387.6231
41,456.0487,121.0874,365.935,286.0175,489.2305,387.4178
42,455.2289,121.6289,362.5835,290.2663,489.3765,387.7264
43,455.1834,122.0311,361.234,297.6256,489.3239,387.8009
44,454.7836,121.9013,362.8668,305.9161,490.1137,387.882
45,454.6329,122.579,368.6442,315.0081,490.2697,387.7818
46,454.9215,122.609,376.6613,324.2225,490.7428,387.6729
47,455.148,123.2626,388.0886,330.1074,490.9064,387.7366
48,455.6746,124.2142,399.0284,332.1214,491.016,387.7647
49,456.3481,124.1576,411.7723,331.8664,490.0465,387.8827
50,457.1537,124.8315,423.4479,328.5435,490.0269,387.9494
51,457.836,124.9524,432.1428,321.2107,490.0934,387.8691
52,458.5061,125.6478,437.4584,313.7218,489.9993,387.6823
53,459.3908,125.8371,438.5222,304.884,489.7957,387.6176
54,460.3238,126.0745,434.8372,295.792,490.1213,387.4884
55,460.5051,126.5394,426.9323,287.6225,490.1566,387.4412
56,461.1798,126.9733,417.4464,283.4405,490.5939,387.4345
57,461.735,127.0294,406.19,283.0691,490.5984,387.3444
58,461.9955,127.6235,396.2244,286.7486,490.9341,387.3426
59,462.2106,127.9617,388.731,293.7791,490.974,387.2765
60,462.0946,127.1629,386.4785,304.2959,491.2674,387.685
61,462.3826,127.1961,390.5655,318.0771,490.7699,388.2999
62,461.3136,126.3248,398.1689,327.7928,490.6716,388.4611
63,460.8976,125.4906,410.108,333.339,490.5744,388.4534
64,460.2576,124.9003,420.8422,330.8155,491.1512,388.1941
65,459.3896,124.4546,428.4186,325.2168,490.9851,387.9128
66,459.1332,124.0987,429.6286,319.0222,491.4058,387.9141
67,458.283,123.2402,428.7825,317.0679,491.5499,387.9141
68,458.0937,122.0631,428.3618,317.3078,491.4443,387.6509
69,457.9456,121.1994,429.2176,320.9478,492.3213,387.9468
70,457.7859,120.4872,431.4253,329.4186,493.8129,387.9424
71,457.8046,119.1807,433.5282,340.5474,495.3632,388.2877
72,458.1824,118.3408,436.0809,352.7755,498.1146,388.5301
73,458.1177,117.8878,437.654,364.619,500.2563,388.4927
74,458.3237,117.2918,438.2952,373.8472,498.993,387.9201
75,457.9499,117.1328,439.7601,378.6457,498.2717,387.7987
76,458.1227,116.8115,444.5269,380.8177,493.8533,387.0797
77,457.8594,116.3722,443.9444,381.4864,491.6945,386.8604
78,457.5942,115.8496,443.5653,381.4581,491.6221,386.8542
79,457.7572,115.2882,443.5218,382.3638,491.7252,387.6632
80,457.8475,115.1401,443.5367,383.3717,491.6983,388.589
81,458.1398,114.371,443.3339,383.4677,491.7116,388.6062
82,458.3183,114.88,443.4707,383.3984,491.6731,388.5921
83,458.6387,114.4658,442.7555,383.3871,491.6683,388.5972
84,458.772,114.5312,442.2764,383.6324,491.7483,388.5255
85,458.807,115.425,442.5479,383.6221,491.8086,388.5083
86,459.0365,115.4762,441.2536,383.3186,491.8403,388.526
87,459.1354,115.4633,442.383,383.0033,491.866,388.5412
88,458.8825,115.029,441.0995,381.9143,491.9112,388.526
89,458.7764,115.5803,442.3026,381.5548,491.9598,388.5144
90,458.8766,115.6167,441.2754,380.5015,492.0145,388.5398
91,458.9689,115.6532,442.5109,379.5941,492.0904,388.5405
92,458.9136,115.7666,441.1902,377.9958,492.1218,388.5836
93,458.8312,115.9388,442.6264,376.9028,492.2457,388.5606
94,459.0341,116.4652,441.1866,374.0918,492.3756,387.8795
95,459.106,116.514,439.5185,370.796,492.5427,387.1814
96,459.1391,117.0868,431.5451,363.2865,493.166,386.7474
97,458.3319,118.0911,423.7745,351.413,493.3015,387.2772
98,457.5243,118.8686,407.1206,326.0309,492.292,386.8953
99,456.4926,118.9109,393.6955,302.7927,492.8029,387.2984
100,455.5645,119.474,377.9174,284.5613,492.5173,387.2775
101,455.0862,119.3636,365.3861,272.0066,491.9501,387.2496
102,454.3127,119.8644,353.7082,267.6287,491.1252,387.2446
103,454.185,120.4758,344.5613,266.9745,491.4065,387.2971
104,453.3106,120.5861,339.0787,271.7482,491.5,387.535
105,453.0834,121.2659,336.5546,279.7995,491.6496,387.877
106,452.8842,122.1576,338.8756,293.1017,492.0339,387.8849
107,452.5053,123.3758,343.9561,305.1912,491.886,387.7001
108,452.4538,123.4072,354.2577,318.9171,491.8479,387.7914
109,452.1817,124.2663,369.5594,329.2218,491.5085,388.1626
110,452.0216,124.8949,388.4652,334.8397,491.3324,388.5817
111,452.0984,125.2888,407.6107,336.2663,491.8194,388.582
112,451.6414,125.7545,426.7929,332.1588,492.0107,388.4265
113,451.5996,126.2213,440.8501,322.6399,492.0654,388.4967
114,451.7169,126.3723,448.3948,310.0742,491.5827,388.4893
115,452.3015,127.1361,449.5851,297.0426,491.7783,388.292
116,452.2165,127.5044,445.7887,283.9406,491.5879,388.1779
117,452.5199,127.4682,435.9082,273.6258,491.5501,387.9921
118,453.0468,127.8607,423.564,264.9673,491.4349,387.8564
119,453.3139,127.9377,406.8947,261.0851,491.4943,387.8099
120,453.9628,128.0405,390.5,261.6357,491.6883,387.8457
121,453.8971,127.5213,374.8628,266.4113,491.5029,388.2854
122,454.5495,127.4693,363.417,274.5859,491.5469,388.3016
123,455.2107,127.3404,355.741,284.5173,491.5554,388.3468
124,454.969,126.8373,354.7831,297.1123,491.3943,388.3488
125,455.2665,126.7055,360.1554,311.6177,491.2635,388.3892
126,454.9062,126.2591,371.4004,322.6988,490.9175,388.2849
127,454.8956,125.7927,389.214,330.9903,490.7498,388.3495
128,454.3431,124.9361,409.6322,331.5543,490.9961,388.306
129,453.448,124.2797,425.5901,326.6484,491.5812,388.4561
130,453.5662,124.2282,436.006,320.7422,491.4957,388.6278
131,452.9914,123.6373,436.5456,315.7622,491.3353,388.3324
132,453.0297,122.4404,434.2281,314.9029,492.3123,388.2815
133,453.8272,122.4536,431.7523,317.4674,492.6016,388.2823
134,454.4308,122.0327,430.6582,323.4343,493.9003,388.4373
135,455.1431,121.074,431.2892,332.1327,496.5616,388.7142
136,455.745,120.3646,432.9916,342.9108,499.5762,389.2579
137,456.6224,119.5328,435.4943,353.6792,500.8183,389.7312
138,456.8285,118.9922,436.0108,363.8197,500.9836,389.0533
139,457.5329,118.2219,436.3083,373.1672,498.8857,387.8757
140,457.5912,117.6676,437.611,379.3705,498.6334,386.6673
141,457.6262,116.8686,440.9562,380.8356,495.5137,385.5729
142,457.5547,116.2968,441.2251,381.2569,492.6698,385.4603
143,457.4795,116.1226,442.3462,381.9373,491.4037,385.6622
144,457.1593,115.8589,443.0472,382.7409,491.4714,386.7115
145,457.2192,115.8548,443.2441,383.6015,491.6139,387.6866
146,457.2495,115.0231,443.3356,384.4098,491.6988,387.7696
147,457.3551,114.9189,443.585,384.399,491.7885,387.8422
148,457.5926,114.5112,443.5646,384.3383,491.8195,387.8812
149,457.7432,114.6846,443.7554,384.2744,491.8259,387.9273
150,457.5363,114.5865,443.8361,384.2279,491.871,387.9358
151,457.7814,114.6856,443.8958,384.1832,491.9212,388.0094
152,457.7902,115.1729,443.8649,384.0935,491.9905,388.0676
153,457.7906,115.1746,443.7579,384.0911,492.0808,388.1416
154,457.77,115.0595,443.3412,384.2116,492.1847,388.2312
155,457.7236,115.1802,441.7723,384.1611,492.3019,388.2717
156,457.6061,115.2547,441.8298,383.9871,492.4288,388.3588
157,457.3956,115.4439,440.0105,383.9682,492.5927,388.4506
158,457.1169,115.734,438.2688,382.558,492.7298,388.5411
159,456.9306,115.9754,437.1479,381.3171,492.8924,388.6424
160,457.0713,116.059,437.6314,379.3543,493.1079,387.9835
161,457.0601,116.4457,440.1566,372.8391,493.3081,387.1215
162,456.9194,117.3182,434.1922,365.7314,493.2497,386.5269
163,456.4248,117.7242,426.2367,352.0196,493.8789,386.1062
164,456.1866,118.5859,411.2361,325.1424,491.1451,385.1391
165,455.5646,118.8196,396.1233,298.8567,491.1357,385.6567
166,454.872,119.2694,380.302,277.39,490.5689,385.9532
167,454.6178,119.5948,367.0655,264.8914,490.3522,385.9188
168,454.821,119.5603,356.4686,258.6286,490.6791,385.6985
169,455.032,119.8155,350.585,258.9774,491.3617,386.3959
170,454.8935,120.3231,348.331,264.5428,491.4494,386.4217
171,454.6954,120.8866,350.9313,276.3756,491.0721,386.9848
172,454.5607,121.4961,358.3352,291.4788,490.7966,387.2078
173,454.0802,121.7846,373.7438,307.4179,491.5961,387.3734
174,453.5901,122.0852,391.5427,318.1839,491.2576,387.367
175,453.0441,122.6784,413.9278,324.6229,491.6622,387.5168
176,452.3512,123.148,433.0425,322.3302,492.3889,387.7023
177,451.8274,123.8272,446.8734,314.7516,492.5664,387.8889
178,451.3202,123.8701,454.6948,304.8263,492.3453,387.9458
179,450.97,124.4652,454.9939,292.5326,491.7428,387.9146
180,451.0582,124.7471,450.4486,281.2411,491.3046,387.3482
181,451.5321,125.3872,440.2702,270.7595,491.3266,387.593
182,452.1158,125.2806,426.9026,262.7532,490.9767,387.5136
183,453.1956,125.8757,411.5804,260.1387,490.5889,387.3205
184,454.1857,126.5233,395.5785,259.8059,490.5794,387.1616
185,454.6875,126.9998,380.9194,265.5261,490.7882,387.0223
186,455.4872,127.5213,369.1568,272.1045,491.0249,386.8651
187,456.5123,127.5761,361.6286,285.078,491.3065,387.1246
188,457.0731,127.981,361.5418,299.394,491.5898,387.0295
189,457.9323,127.8329,366.5759,312.731,491.7017,387.1537
190,458.0274,127.24,379.7938,325.9367,491.5937,387.1157
191,457.944,127.1325,397.982,334.1115,491.7265,387.1557
192,457.573,126.6013,418.9115,335.882,491.5238,387.2948
193,457.1262,126.3033,436.413,333.7496,491.393,387.2775
194,456.0744,125.8762,447.94,325.4574,491.541,387.0743
195,456.1798,125.2189,451.8745,315.7941,492.0076,387.0785
196,455.7661,124.3595,448.7251,308.2405,492.9035,387.0502
197,456.2618,123.2342,444.2706,302.4435,492.6117,387.0132
198,456.5576,122.439,438.8949,301.4695,492.6969,387.1096
199,457.4339,121.1939,435.6524,304.4934,492.8647,387.0232
200,458.1204,120.376,434.5732,311.2091,493.2482,387.1429
201,458.8794,119.4728,435.114,322.2208,494.7298,387.7542
202,459.6014,118.8652,436.5716,335.0055,497.5309,387.9707
203,460.3913,118.6458,436.8963,348.1776,498.7235,388.8083
204,460.8038,118.1033,436.4931,359.8687,501.4279,388.0661
205,461.0052,117.5567,438.9597,370.7254,505.1455,387.6542
206,461.2266,117.2372,440.3106,377.2492,505.0868,384.3472
207,461.0236,117.1014,439.7999,380.0531,498.031,385.539
208,460.6042,116.3377,439.9202,381.1517,496.6058,385.8739
209,460.5154,116.155,440.929,381.845,494.0143,386.1906
210,460.0395,115.779,440.8432,382.5872,493.725,386.967
211,459.5966,115.5843,440.9964,383.3927,493.4842,387.6768
212,459.4681,115.2261,440.8615,383.9791,493.2199,387.7103
213,459.3311,114.3888,440.4725,384.001,493.064,387.7313
214,459.1026,114.4399,440.3776,383.9782,492.8956,387.7704
215,458.7988,114.7417,440.032,383.9006,493.0831,387.7137
216,458.7678,114.719,439.7586,383.7597,492.8397,387.6044
217,459.2484,114.7101,439.0828,383.748,492.7172,387.5424
218,458.8298,114.5263,439.1301,383.6449,492.6986,387.4769
219,458.7101,114.6772,438.1807,383.544,492.6467,387.4289
220,458.7278,114.9011,438.4791,383.3405,492.8085,387.4074
221,458.8418,114.9678,436.5561,382.5689,492.7688,387.3975
222,459.003,114.9871,436.3301,382.2148,492.8487,387.2926
223,458.9218,115.1543,433.6726,380.781,492.5475,387.2399
224,459.0554,115.3165,434.3777,380.7284,492.6941,387.1757
225,459.1197,116.0911,435.0284,378.6838,492.9109,387.0582
226,459.1241,116.1708,436.6482,372.362,493.2731,386.192
227,459.2162,117.4082,431.0015,363.9427,493.9123,385.6885
228,458.6433,117.4877,425.1933,351.3468,494.3774,385.9188
229,458.0567,118.7523,411.5512,322.8806,493.9556,385.9578
230,456.6963,119.1629,396.8062,297.2299,492.7045,386.356
231,456.0281,119.5948,382.7795,274.6822,492.1587,386.6277
232,454.9399,120.4892,369.3028,259.9236,491.9322,386.2175
233,453.7762,121.0445,358.012,254.3463,491.8955,386.5645
234,452.9665,121.2799,350.4463,254.6655,491.9722,387.1167
235,452.7544,122.0102,344.8613,260.7632,492.2631,387.3326
236,452.3994,122.8152,342.7436,273.2572,492.2466,387.8202
237,452.1842,123.5505,347.6156,290.0847,492.3107,388.0838
238,452.3306,124.1914,358.3059,308.6142,492.4287,388.374
239,452.5201,125.2282,373.9958,321.2187,493.1418,388.3488
240,452.4993,125.5222,395.7114,329.469,492.4369,388.1069
241,453.0465,126.1349,416.9638,330.227,491.1353,388.3288
242,452.6401,126.7614,435.4359,324.1676,491.1006,388.4703
243,452.0674,127.0979,447.0398,315.3748,491.1381,388.6532
244,452.6554,127.9823,453.2037,304.2437,491.3429,388.4244
245,452.2007,127.9396,453.509,292.4216,492.1604,388.359
246,452.986,128.6363,448.0842,281.5521,492.0694,388.0608
247,453.8777,128.6743,438.4867,271.1573,492.2622,387.9236
248,454.5004,129.2611,425.654,264.3329,491.896,387.929
249,455.7709,129.1096,410.4292,260.4695,491.9046,387.8554
250,457.1854,129.337,395.3251,260.7489,491.5967,388.0043
251,458.9244,129.2456,382.2491,265.5208,491.8505,387.8572
252,460.3194,128.9827,373.6436,275.2087,492.0624,387.8985
253,460.7982,128.2651,368.6444,288.0979,491.6443,388.4477
254,462.0631,128.9965,370.1551,302.9074,491.3988,388.1033
255,462.2366,129.3174,377.8678,316.1815,491.5442,388.5367
256,462.3875,128.9528,388.9288,327.5023,491.2385,388.2601
257,461.533,128.5188,406.8333,336.6798,491.6266,388.3208
258,460.6339,128.3419,424.487,337.9879,491.7757,388.5736
259,459.2941,127.6541,437.8711,334.063,492.0591,388.3445
260,458.3745,126.9799,445.3266,327.5429,491.8794,388.1163
261,457.3185,126.193,446.3495,320.554,492.852,388.1679
262,456.7231,124.8269,442.0898,316.1265,493.0077,388.1903
263,456.6411,123.3977,438.6074,314.9935,493.314,388.1347
264,457.3437,122.7256,435.4436,318.1362,494.4724,388.3816
265,457.9542,121.6203,434.2891,324.5922,495.261,388.5928
266,458.9555,120.2224,435.0208,333.5766,497.5641,389.2018
267,459.6105,119.0542,437.5055,343.7736,498.3692,390.078
268,460.3034,118.4053,438.9555,353.8689,499.7656,390.2664
269,460.6225,117.6484,441.5439,362.8464,500.1383,390.0034
270,461.2797,117.2812,442.0324,371.5273,497.4633,389.3025
271,461.3393,116.6837,443.1189,376.9138,494.5434,388.155
272,461.3862,116.644,444.5884,379.3902,492.4454,387.87
273,461.0708,115.8216,443.4335,381.036,490.5699,387.9617
274,461.1651,115.7078,443.8166,382.8337,490.528,387.9673
275,461.1031,115.4967,444.2011,384.0148,490.7255,388.9144
276,461.1468,114.5715,444.3605,384.8902,490.8127,389.0502
277,461.1882,113.9917,444.35,384.8351,490.8804,389.055
278,461.0693,113.821,443.9562,384.7312,490.923,389.0787
279,461.3219,113.3062,444.2968,384.6895,490.9709,389.1159
280,461.2763,113.2799,444.4284,384.5722,491.0239,389.1399
281,460.8465,113.3061,444.462,384.6515,491.0768,389.1632
282,460.9205,113.4537,444.1125,384.7544,491.1344,389.1827
283,460.4266,113.6027,443.384,384.8238,491.1901,389.2097
284,460.3869,113.7816,443.4233,384.9208,491.2709,389.2352
285,460.2856,114.0443,443.0598,384.8134,491.338,389.2696
286,459.9607,114.118,443.9246,384.4885,491.3974,389.2875
287,459.5756,113.9911,443.7266,384.1354,491.5004,389.3217
288,459.0061,113.8258,442.0862,383.0115,491.6256,389.3289
289,459.4023,114.323,442.899,382.6521,491.7702,389.35
290,458.8867,114.2548,442.217,381.7965,491.9096,389.4084
291,458.7162,114.6093,443.0151,381.2893,492.0078,389.488
292,458.6978,114.6106,441.5454,379.9645,492.1896,389.5679
293,458.5429,114.7051,442.3862,378.4098,492.4837,389.5208
294,458.7139,115.3014,442.5896,376.5484,492.8933,388.7556
295,458.8713,115.6192,441.0225,371.5295,494.0322,387.9784
296,458.6148,116.0675,436.9242,364.9177,496.1032,387.1751
297,458.5747,117.6675,427.1739,345.4891,495.6304,385.0094
298,458.2847,118.8082,415.7315,319.9559,494.0808,385.4789
299,458.2052,119.3039,402.0075,298.0398,492.3769,385.8423
300,458.2731,119.9263,389.7979,276.7899,491.6941,386.4432
301,458.5803,120.4279,376.7611,262.5822,492.0702,386.7303
302,459.0046,121.2679,365.0683,254.0918,491.9449,386.7099
303,459.1448,121.7492,354.5406,253.0227,492.2227,386.9209
304,459.8122,122.5923,345.8078,256.4486,492.4746,387.2588
305,460.1433,123.2742,339.7578,264.3651,491.8989,387.4071
306,460.4579,123.5282,335.22,278.4308,492.0245,387.4651
307,461.074,124.3035,337.5316,297.074,492.1255,387.6886
308,461.3763,124.6043,343.6278,315.2649,491.525,387.9256
309,461.1239,125.3542,357.2695,331.7202,492.247,387.861
310,460.9429,125.6449,372.5882,342.7321,491.6671,388.0376
311,460.5383,126.0766,392.2403,350.3973,492.2548,388.0784
312,459.8261,126.544,411.956,350.3865,492.2343,388.0021
313,459.4459,127.0433,430.0898,347.4775,493.2968,388.7876
314,458.6465,127.805,442.8687,337.5021,491.7447,387.942
315,457.944,127.8361,452.1727,324.4024,491.616,387.9511
316,457.7256,128.5648,457.057,311.1944,492.2018,387.7157
317,457.3272,129.1886,456.4179,298.1474,491.9462,387.9122
318,456.5923,129.9884,450.3368,285.225,492.3217,387.8478
319,456.6273,130.5631,440.3445,276.2211,492.6969,387.7054
320,456.1533,130.8721,426.2047,269.7447,492.5426,387.7986
321,455.7464,131.0361,410.2975,267.5929,492.5248,387.8606
322,455.6472,131.7983,395.7098,271.4797,492.668,387.8143
323,455.433,131.674,383.3446,279.775,492.6901,388.0558
324,455.5844,130.9891,375.8978,292.6641,492.184,388.4001
325,456.1705,130.3243,372.6944,309.9289,493.3971,388.1001
326,456.5379,129.4823,378.0271,327.8842,492.9384,388.4828
327,456.7568,128.6896,388.5595,341.6678,491.8631,388.9397
328,456.4336,127.6657,405.5446,345.6741,491.8267,388.9137
329,456.8788,126.48,422.7329,342.1186,491.8108,388.9935
330,456.7277,125.024,432.6975,334.0913,491.886,388.6542
331,456.4008,123.6279,436.5539,326.6801,492.4022,388.5444
332,456.6361,122.4816,436.7378,323.4822,493.3755,388.4349
333,457.2272,121.373,436.2386,324.0412,495.4849,388.1888
334,457.5562,119.9668,437.9348,329.2806,496.4867,388.3694
335,458.6126,118.903,440.9824,337.6024,497.7116,388.9375
336,459.1638,118.033,442.0122,348.1031,500.401,389.1209
337,459.9752,117.2278,443.9258,360.0231,500.3068,389.8021
338,460.7346,116.7576,446.837,370.8928,500.4381,388.8779
339,461.261,116.8424,447.4573,377.8885,502.2706,389.1276
340,461.5977,116.0875,448.3508,379.8945,498.6524,387.273
341,461.6151,115.8907,447.506,376.8027,494.532,386.3958
342,461.7163,115.5115,443.1696,381.8002,492.3113,386.9426
343,461.7408,115.0875,444.3211,382.9666,492.1636,387.0342
344,461.6796,115.0057,444.5926,382.9769,492.9228,386.9985
345,461.8893,114.1096,444.8763,383.8297,493.1121,387.0431
346,462.0043,114.0695,445.3774,384.4823,493.049,387.1746
347,462.0909,114.1272,445.75,384.4765,492.8139,387.1943
348,461.4863,114.0488,445.1401,384.4428,492.6546,387.3646
349,461.8389,114.3708,445.5805,384.5652,492.941,387.4338
350,461.623,115.0485,445.2722,384.6067,492.7748,387.5066
