1,455.4556,119.0296,440.7835,392.1925,498.5556,387.564
2,455.3702,119.0017,440.7223,393.065,497.1819,388.3699
3,455.6829,118.8571,443.6956,392.4294,494.4421,387.87
4,455.9683,119.0344,444.3923,392.5046,495.0316,387.7881
5,455.5977,118.908,444.7204,392.5585,493.1719,388.1577
6,455.8984,118.7774,444.9885,392.6097,493.4024,387.9394
7,456.1714,118.8001,445.1442,392.7141,491.9401,388.2317
8,456.1663,118.7357,445.3848,392.7047,491.4193,388.2313
9,456.2746,118.7632,445.5099,392.7786,491.2586,388.3491
10,456.3122,119.2878,445.7652,392.7849,490.6089,388.4314
11,456.3739,119.3733,445.9598,392.8077,490.4689,388.4544
12,456.3804,119.4198,446.0638,392.8453,490.1063,388.529
13,456.6107,119.4047,446.3259,392.7634,489.8569,388.6321
14,456.5894,119.2982,446.5791,392.8155,489.6127,388.6096
15,456.7634,119.7373,446.7143,392.8916,489.3881,388.6176
16,456.5611,119.5628,446.8337,393.0275,489.2393,388.667
17,456.5822,119.3445,446.9346,393.0414,489.1096,388.6608
18,456.7216,119.4831,446.8318,393.0684,488.8939,388.8021
19,456.68,119.4849,446.8582,393.1896,489.0478,388.8833
20,457.3512,119.6486,446.7489,392.5076,489.0626,388.061
21,458.1195,119.522,444.6024,390.7979,488.9079,387.1292
22,458.927,120.2321,431.9388,388.9593,487.634,386.4614
23,459.8446,120.5816,416.6106,383.1131,488.0029,386.479
24,460.6791,120.8675,399.4558,373.9728,489.573,386.6367
25,461.0126,120.5146,377.9086,360.9048,490.9779,387.089
26,461.2188,120.4551,363.5949,345.0893,490.528,387.3549
27,461.0336,119.8652,357.0887,328.4555,490.5184,387.3542
28,460.7286,120.2564,356.2417,314.6818,490.7824,387.339
29,459.8459,119.8017,364.9914,300.5851,490.8871,387.3834
30,459.0808,120.009,374.8593,289.3988,490.2944,387.4838
31,458.756,119.7221,390.2425,278.9526,489.7605,387.8271
32,458.2539,119.7611,404.3331,269.4824,490.1567,387.7022
33,458.5672,120.5429,415.2437,263.6802,489.5636,388.1892
34,459.142,121.087,419.5824,258.7697,489.9205,387.7912
35,459.9331,121.6536,417.3181,255.6468,489.7081,387.2022
36,460.8117,122.5849,409.1248,253.5414,490.6473,386.9926
37,462.6637,122.0108,397.7117,252.9148,490.4919,386.9963
38,463.8454,122.803,383.5172,253.9343,490.8666,386.4516
39,465.1182,123.1115,367.045,254.8972,490.8968,386.2621
40,466.2289,123.1026,350.9209,256.3726,490.3088,385.8781
41,467.199,123.4895,333.8193,257.3383,490.7394,385.9009
42,467.3821,123.3261,320.9453,256.9823,490.3411,386.3607
43,466.8673,123.2472,314.3511,258.3285,490.0987,386.489
44,466.2997,122.6914,314.3413,258.7714,490.2396,386.6196
45,465.6989,122.0775,323.4807,258.2048,490.5367,386.9027
46,464.3461,121.8699,337.5029,258.0524,490.8167,386.8799
47,462.6587,121.7604,354.8498,257.8432,491.271,387.4242
48,461.0684,121.8138,373.7395,255.7038,491.5086,387.636
49,459.6062,122.1813,390.0014,252.92,491.1662,387.6332
50,458.7174,122.4689,402.9399,249.6128,491.0138,388.0152
51,457.7442,122.6879,410.4097,245.9848,491.3381,387.7741
52,457.87,123.39,411.2348,243.544,490.6532,387.6115
53,458.4001,124.0423,408.3096,241.181,490.8931,386.8939
54,459.1143,124.4516,400.2768,240.3144,490.6866,386.5331
55,460.2343,124.8434,389.2057,240.7903,490.874,386.24
56,461.4144,125.6858,376.5775,243.0133,490.7159,386.3823
57,462.3688,125.7162,363.0327,245.0599,490.112,386.7421
58,462.8693,125.5278,347.2866,246.3259,490.2965,387.0782
59,463.01,125.1188,337.8443,247.0659,490.297,386.982
60,462.4369,124.9568,334.0311,248.1517,490.3127,387.0777
61,461.6946,124.6615,337.4777,247.971,490.8714,387.2402
62,460.6539,123.4594,348.8653,249.1803,490.9549,387.4746
63,459.7457,122.1164,361.6055,250.6224,491.4687,387.5663
64,459.0668,121.0152,371.3242,253.5452,491.8002,387.6497
65,459.2439,120.4589,378.5991,261.9509,492.1074,387.5422
66,459.4623,118.8348,380.2299,276.7293,491.9242,387.0678
67,460.533,117.8818,388.8645,295.7134,492.0327,386.6418
68,460.705,116.7992,397.4543,320.1865,491.1779,386.8404
69,461.0532,116.4784,404.2059,343.001,490.4427,386.4661
70,461.2311,116.7018,412.0555,358.6179,489.1023,385.9331
71,460.8904,116.5983,420.3816,369.5535,488.1863,385.6073
72,460.5951,116.1634,428.6353,376.3595,486.8217,386.0918
73,460.1996,115.7222,436.4418,381.9823,484.875,387.0352
74,459.7862,115.6569,439.9894,384.9784,484.1631,387.6574
75,459.5112,115.333,443.0069,385.9394,484.4812,387.7486
76,459.1847,114.7426,443.5416,386.7688,484.7611,388.4629
77,459.1351,114.4353,443.7464,387.6926,484.9525,388.696
78,459.2248,113.8575,443.9382,387.8566,485.1929,388.608
79,459.3463,113.7363,444.0427,387.9479,485.4294,388.5377
80,459.3659,112.9882,443.2113,388.0674,485.6501,388.4468
81,459.7265,113.0746,443.2992,388.1329,485.8644,388.3526
82,459.7249,112.9527,443.304,388.1671,486.0764,388.2826
83,459.4696,113.126,443.3727,388.2144,486.2943,388.2156
84,459.4018,112.9674,443.4585,388.2935,486.5393,388.1606
85,459.3899,113.0481,443.5169,388.4246,486.7794,388.0915
86,459.1081,113.5421,443.6186,388.5202,487.0016,388.0344
87,459.193,113.687,443.7196,388.6096,487.2226,387.9806
88,459.1056,113.7312,443.7937,388.6925,487.4651,387.899
89,459.2272,113.8365,443.7707,388.7485,487.6837,387.8342
90,459.2823,113.8687,443.6424,388.8251,487.8731,387.7438
91,459.8422,114.6162,443.4768,388.9124,488.0656,387.6336
92,460.1538,115.1902,443.5078,388.0116,488.2613,386.6757
93,460.4975,115.4861,439.1459,384.5923,488.5278,385.8271
94,461.4731,116.064,421.9855,381.597,488.7867,385.6586
95,462.0822,116.302,405.8344,372.1783,488.8438,385.4424
96,463.1144,116.3488,390.3476,360.5405,489.1772,385.4472
97,464.4035,117.0412,367.7155,342.1878,489.8754,386.1083
98,464.8857,117.1818,351.0162,320.8723,489.7253,386.2707
99,465.3387,117.3609,343.6466,302.5029,489.4151,386.5331
100,464.8693,117.4346,344.89,288.1608,489.369,386.5587
101,464.9977,117.873,353.4254,274.1253,490.1227,386.7905
102,464.3868,118.3192,366.0463,261.922,489.9162,387.0369
103,463.9223,118.5235,383.6295,252.596,489.6881,387.1328
104,463.4153,119.1784,400.0642,246.1663,489.0989,387.8842
105,463.5911,120.1446,412.8564,243.075,489.5,387.8501
106,464.2708,121.0424,417.2874,241.105,489.4109,387.538
107,465.056,122.1868,415.8615,241.0058,489.5469,386.9949
108,466.3116,123.4773,410.3037,241.528,489.2536,386.8101
109,467.1557,123.7081,400.6008,242.9549,488.9418,386.8629
110,468.617,124.0894,388.2187,245.3447,488.8013,386.5191
111,469.6147,124.9164,370.9429,247.5489,488.3078,386.3005
112,470.996,124.7715,354.1382,249.6179,488.3453,386.2281
113,471.3143,124.5211,339.2072,249.7872,488.2408,386.0894
114,470.8849,124.2411,326.7528,249.2208,488.5021,386.0866
115,469.9772,123.5584,322.3944,248.6944,488.6861,385.9866
116,468.927,123.2533,324.3408,248.075,488.968,386.2228
117,467.6228,122.735,334.1129,247.0117,489.5099,386.4746
118,465.3564,122.561,348.1781,246.7555,489.8089,386.5611
119,463.7451,122.6114,365.1813,246.3866,490.3779,386.7403
120,462.5969,123.1143,382.6003,244.9236,490.7148,386.867
121,461.2038,123.5427,396.5096,243.1312,490.5473,386.8376
122,460.551,123.801,403.1283,241.1694,489.5592,387.0945
123,460.7848,124.6139,404.5653,239.0115,489.6769,386.9883
124,461.1827,125.2665,402.6374,236.6328,489.3994,386.4548
125,461.3519,125.2903,395.746,234.6874,489.0919,386.2578
126,462.4386,125.3973,386.0221,233.4567,488.9551,386.1906
127,463.2701,125.9801,373.1805,234.2461,488.5985,386.0733
128,464.5739,126.0747,360.2645,235.7614,488.1406,385.8474
129,465.3397,125.9958,345.0132,237.7652,489.0812,386.0491
130,465.8658,124.9275,331.9175,239.3122,489.43,386.1406
131,465.649,124.5199,322.7507,239.6513,489.6967,386.2224
132,464.7564,123.0144,319.0245,239.9659,489.6799,386.4439
133,463.6511,121.2671,324.8703,239.3896,489.5914,386.595
134,462.2335,119.9377,337.9273,241.0299,490.2593,386.9004
135,461.4239,118.4407,356.1749,244.2522,490.9198,386.7429
136,460.8282,117.2337,378.3934,250.7129,490.6157,386.7598
137,460.8701,116.054,396.2226,261.2059,489.9293,387.1646
138,461.3274,115.842,410.0308,279.9037,489.5288,386.9625
139,462.5915,115.1819,420.7061,301.6049,489.8587,386.4854
140,463.0657,114.8694,428.6683,325.3133,489.5704,386.2443
141,464.0466,114.7652,430.2873,346.8863,489.0887,385.9375
142,464.5896,114.9043,429.4452,362.807,489.6978,385.7992
143,465.1149,114.6031,429.6108,371.6388,491.4643,386.2755
144,465.2877,114.3837,431.5274,378.1361,490.9156,386.7552
145,464.9532,114.5041,434.5198,382.577,488.7905,387.0273
146,465.1183,113.8944,438.1462,384.8502,487.647,387.3519
147,465.099,113.8281,442.0079,385.6231,488.0186,387.2955
148,464.9243,113.2953,444.2958,385.9517,488.0436,387.2906
149,464.5078,113.2737,444.3175,387.436,487.9891,387.9737
150,464.411,113.2339,444.2219,388.5819,488.3842,388.1997
151,464.1401,113.0838,444.3802,388.7053,488.3141,388.1254
152,464.0245,113.036,444.2474,388.8843,488.5296,387.9425
153,463.6492,113.0165,444.2845,388.9369,488.5283,387.7439
154,463.719,112.9991,444.0672,389.0693,488.6311,387.6152
155,463.5942,112.9762,444.0324,389.0998,488.7694,387.5037
156,463.4478,113.2062,443.7833,389.0683,488.9502,387.3881
157,463.1619,113.7648,443.7805,389.039,488.9158,387.2741
158,463.1313,113.6991,443.4672,388.9686,489.0621,387.0957
159,463.1531,113.6873,443.5998,388.9558,488.9199,386.9656
160,463.2918,113.968,443.1649,388.9367,488.9649,386.7607
161,463.447,114.182,442.8307,388.8428,488.9133,386.555
162,463.6959,114.0545,442.3942,388.7921,489.1229,386.3698
163,464.195,114.2528,442.6425,388.4994,489.057,386.2548
164,464.7725,114.7386,441.9144,388.3659,489.2354,386.1031
165,465.2623,114.9313,438.7795,386.7998,489.4112,385.9502
166,466.1415,115.2321,424.7833,384.7436,489.8011,385.8034
167,467.4311,116.0356,410.7095,380.5621,490.4922,385.6858
168,468.2382,116.4617,392.1676,373.5381,490.8688,385.6814
169,469.5432,115.7681,367.0348,361.3731,490.6164,385.6908
170,470.3629,115.9275,345.016,347.2704,489.5362,385.5524
171,471.0372,116.3308,330.1824,329.5745,489.4715,385.1381
172,471.337,116.3771,326.6944,312.9906,489.626,385.1801
173,471.4114,116.5393,327.9288,297.1034,490.0625,385.436
174,470.8425,116.3589,342.2882,281.88,490.0607,385.7307
175,470.0652,116.361,360.9781,268.9893,490.2994,386.1777
176,469.7437,116.8703,383.2254,259.4334,489.8456,386.3722
177,469.3643,117.1999,403.0304,252.1122,489.7313,387.0675
178,469.5128,118.2132,415.5208,246.6793,489.2702,387.3652
179,470.138,119.0112,420.455,244.6215,489.2461,387.4244
180,471.3028,119.743,419.2359,244.1012,488.5186,386.985
181,472.0991,121.1871,413.0006,244.6383,489.2863,386.5675
182,473.2118,121.7989,401.724,245.6709,488.883,386.286
183,474.0525,122.556,386.158,248.6183,488.2993,386.072
184,475.1133,122.9456,366.398,252.5435,488.8523,386.0471
185,475.9834,123.36,346.6521,255.619,490.0688,385.8395
186,476.2161,123.241,327.4284,257.4011,490.7738,385.8919
187,476.5218,122.8115,311.3567,258.825,490.7746,385.823
188,475.5994,122.5288,301.8069,260.7184,490.8881,385.8842
189,475.1553,121.6911,302.0679,262.7577,491.1142,386.1581
190,473.5972,121.1885,310.2247,263.5232,490.9592,386.3112
191,472.6341,121.0194,325.7274,265.2829,490.2663,386.3853
192,470.8056,121.0882,348.0217,265.7578,489.9211,386.6538
193,469.4088,121.0952,370.4459,265.0284,490.4797,386.4644
194,468.0054,121.5977,390.6042,262.3861,489.8771,386.7229
195,467.0919,121.9028,404.6745,258.9193,490.6155,386.8696
196,466.6354,122.5169,411.6832,255.0929,490.6595,387.153
197,467.0162,122.5857,412.2346,251.6809,491.3165,386.7673
198,467.1432,123.4354,406.3602,249.3656,491.6171,386.3087
199,468.0498,124.0582,397.7294,248.8778,491.7104,385.9379
200,468.5176,124.8152,387.1663,249.3857,491.0011,386.2573
201,468.992,124.9519,373.1761,250.7706,489.8203,386.1436
202,469.1591,124.9647,359.3738,253.649,489.4827,386.1176
203,469.0617,123.5588,348.2771,257.3917,488.8994,386.0114
204,468.6242,122.2214,344.5746,261.2555,489.06,386.2456
205,468.1409,120.5382,347.7407,268.8165,489.8027,386.1958
206,467.5515,119.1123,357.0808,278.2744,489.8968,386.3666
207,467.2629,118.1443,368.3293,293.5865,489.8636,386.3579
208,466.8294,117.4821,381.2258,311.4149,490.1509,386.0776
209,466.4713,116.2998,394.3523,329.1213,490.6089,386.2379
210,465.8221,115.6915,406.3262,345.4696,490.715,386.028
211,465.7102,115.2527,414.0201,361.0671,489.862,385.936
212,464.8649,115.3926,420.2072,372.9105,489.7947,385.7044
213,464.7041,114.8775,426.6355,380.0763,489.9746,385.3736
214,463.3724,114.6129,432.7347,384.4306,489.2482,385.8617
215,463.3199,113.9915,438.9029,387.0496,488.0885,386.7519
216,462.8388,114.1242,440.7477,386.8917,487.7717,387.4913
217,462.2786,113.6959,441.8182,385.6355,488.4176,387.3582
218,461.4055,113.4604,442.1734,384.6487,489.1361,387.1907
219,461.1198,113.1467,443.3189,384.7267,489.1082,387.1153
220,460.7675,112.6656,443.4041,384.9279,488.997,387.0655
221,460.6597,112.6091,443.5985,385.1684,488.9337,387.0253
222,460.3209,112.0873,443.2059,386.1517,488.8341,387.3767
223,460.527,112.2001,443.1014,387.0706,488.6806,387.3795
224,460.4349,112.4572,443.04,387.1694,488.6363,387.3508
225,460.2138,112.6288,442.9903,387.2347,488.5425,387.3421
226,459.6054,113.0078,442.9231,387.3037,488.5103,387.3265
227,459.2434,113.2637,442.7958,387.3618,488.5139,387.3131
228,459.2913,113.3753,442.6476,387.4684,488.4758,387.307
229,459.4317,112.9488,442.6563,387.4324,488.4834,387.2981
230,459.4094,113.7142,442.3945,387.4223,488.5171,387.3244
231,459.4267,113.8205,442.4827,387.2125,488.5371,387.3673
232,459.6008,114.0975,442.2076,387.1226,488.5907,387.3981
233,459.9735,114.1025,441.9858,386.9809,488.6494,387.4326
234,460.3267,114.7208,441.3515,386.8496,488.6725,387.4507
235,460.8627,114.7043,441.4279,386.965,488.8362,387.4931
236,461.4475,114.9968,440.7733,387.2623,489.0516,387.5116
237,461.4286,114.9934,438.5603,386.514,488.446,386.9336
238,462.5958,115.7558,426.2121,385.9684,487.9184,386.9099
239,463.2839,115.9013,410.9757,379.5534,487.7331,386.3103
240,464.4885,116.0906,394.4169,370.5568,488.1279,385.6001
241,465.3995,115.6871,367.5096,354.8439,489.5265,386.0685
242,466.03,116.2099,347.8986,333.2033,489.2155,385.9609
243,465.9171,116.5286,329.8478,311.4372,489.6791,385.7921
244,465.9038,116.3216,316.936,292.2807,489.8748,385.7967
245,465.4437,116.518,316.1486,275.4454,489.9256,385.8633
246,464.6779,116.5108,327.5379,262.3097,490.5365,386.1316
247,464.2181,116.9775,341.552,251.9295,490.122,386.5011
248,463.0775,117.1325,360.9335,245.4108,489.7584,386.944
249,462.4273,117.8057,380.0533,242.1033,489.2357,387.3836
250,462.4067,118.3348,392.3296,239.1783,488.936,387.7802
251,462.7685,119.3163,401.3354,237.4658,489.0675,387.95
252,463.5811,120.52,403.4076,236.6912,488.9707,387.624
253,464.3482,121.117,400.1809,235.913,489.6128,387.2086
254,465.2172,121.5301,391.3118,235.9792,488.8957,386.9174
255,466.4901,122.4609,378.5127,237.2973,488.9779,386.1243
256,467.3276,123.0045,363.7879,239.196,488.9187,386.1584
257,468.3316,123.0938,347.6159,241.1595,488.7476,386.032
258,468.8613,123.2654,331.9099,243.4352,489.1447,385.9159
259,468.9353,122.9489,320.1622,245.2029,489.6862,385.7803
260,468.7122,122.8136,314.3375,247.6405,489.894,386.2588
261,468.149,122.3282,314.2811,250.5374,490.3386,386.3286
262,467.0403,122.5586,320.6336,253.1165,490.7204,386.5024
263,466.0048,122.4497,334.1159,256.0182,490.4759,386.8224
264,464.7684,122.6136,352.942,256.322,490.3936,387.177
265,463.1958,122.7135,373.8546,255.3941,490.4159,386.6413
266,462.3443,123.2081,393.5997,252.0674,490.0072,387.0896
267,461.3295,124.2736,409.7114,248.4904,489.7251,387.2741
268,460.5839,124.4841,419.0678,244.358,489.8392,387.3743
269,460.6047,125.3578,420.3294,241.4839,489.5424,387.087
270,460.7968,125.5316,414.1991,239.7661,489.7484,386.8155
271,461.9189,125.6241,405.8224,239.5098,490.0334,386.7606
272,463.0128,125.405,392.6923,241.1151,489.6351,386.6135
273,464.1054,124.6127,376.8687,244.8258,489.1536,386.4412
274,464.7169,123.2649,365.2583,251.3265,489.2362,386.5376
275,464.4424,121.6778,355.1667,261.1027,489.0541,386.493
276,464.8109,120.6736,355.7415,274.4606,489.6375,386.4203
277,464.3339,119.0836,360.4541,291.1406,489.9495,386.4119
278,464.3149,117.9699,373.9618,308.9465,489.7062,386.4311
279,464.0797,116.5791,386.8073,328.6423,490.3507,386.2518
280,464.2553,116.1916,402.3278,346.4085,490.3463,386.2629
281,463.9382,115.2069,413.742,360.7239,489.6775,385.8423
282,463.2285,115.2424,422.0678,372.2993,488.5715,385.7021
283,462.8781,114.5734,427.5379,379.9452,486.4281,386.2128
284,462.1142,114.6783,434.1228,385.2543,484.3656,387.0421
285,461.6641,114.0891,441.1357,389.2659,483.6377,388.4527
286,461.0843,114.1171,444.3899,390.9047,483.7006,389.2496
287,460.3246,113.5092,444.7727,390.2712,484.5746,389.0244
288,459.7709,113.2038,444.8412,389.7347,485.4195,388.7749
289,459.8935,113.1114,445.0233,389.744,485.5478,388.6339
290,459.3125,113.0446,445.1549,390.6664,485.6543,388.7972
291,459.0502,112.9417,445.3365,390.821,485.8164,388.7289
292,458.4718,112.511,445.3179,390.8427,485.9796,388.6442
293,458.214,112.6758,445.0686,390.8461,486.1462,388.5427
294,457.7229,112.616,445.1854,390.7658,486.3105,388.424
295,457.6388,112.8101,445.308,390.7158,486.4652,388.3068
296,457.3111,113.2081,445.3955,390.756,486.6244,388.2089
297,457.3854,113.3808,445.4813,390.799,486.7395,388.0821
298,457.1982,113.425,445.5507,390.8383,486.8428,387.9525
299,457.5058,113.6631,445.6075,390.8528,486.9509,387.8181
300,457.527,113.6582,445.6586,390.8598,487.0968,387.6771
301,458.0184,113.9634,445.7562,390.8556,487.1323,387.5001
302,458.9464,114.3068,445.79,390.8542,487.2187,387.3577
303,459.6502,114.8927,445.6795,390.7999,487.3431,387.1937
304,460.5261,115.0678,445.5235,390.7874,487.5495,386.9744
305,461.6106,115.3363,445.2516,390.8175,487.7309,386.7131
306,462.434,115.3169,444.8787,391.0438,487.8783,386.4753
307,464.0997,115.9247,443.5561,391.3814,488.1226,386.2286
308,465.6449,116.1342,436.878,389.9101,488.2158,385.9322
309,466.7962,116.4911,422.5502,390.1278,487.9875,385.6239
310,467.4932,116.9861,405.5877,385.8212,489.0369,385.4641
311,468.8499,117.2534,387.759,379.9473,489.8906,385.7188
312,469.0385,117.5845,369.3533,367.4817,489.5541,386.0299
313,469.3482,117.5942,353.27,350.936,490.1232,385.9521
314,469.3289,117.505,347.0623,332.8099,490.3084,385.7874
315,468.4951,117.5243,344.5874,316.8213,489.9476,385.881
316,467.5509,118.018,346.0857,300.9403,489.8537,386.5162
317,466.6659,118.2529,359.5904,287.0118,489.909,386.8535
318,465.363,118.8203,377.3113,275.432,489.8549,387.3305
319,464.2075,119.0121,398.2751,265.4939,489.0172,387.6092
320,463.9961,119.7212,416.3151,256.4505,488.4675,388.0226
321,464.223,120.3538,425.7137,249.4015,488.8847,387.6592
322,464.9849,121.5965,428.1094,246.1449,488.0974,387.415
323,465.8498,122.7842,423.4716,244.8298,488.9296,386.9611
324,466.7554,123.6864,412.3281,245.6518,489.218,386.7568
325,468.0178,124.601,398.6474,249.1833,489.8388,386.7068
326,469.3755,125.2677,381.973,253.4712,490.3275,386.4881
327,470.1647,125.4438,363.1438,258.1972,489.6743,386.2921
328,470.5593,124.8359,349.5401,261.6334,489.3209,386.5717
329,470.0589,124.5645,340.7905,263.9575,489.5783,386.6712
330,469.3571,124.197,339.2561,266.4204,489.2759,386.8123
331,468.0366,123.442,346.6325,266.7552,489.3671,387.151
332,466.3527,122.9956,359.8187,268.4591,489.5644,386.9177
333,464.6725,122.8527,380.2058,266.9836,489.7989,387.0374
334,463.3508,122.8101,400.6041,264.5058,490.1373,387.2191
335,462.0915,123.6158,416.2241,261.1846,489.8835,387.665
336,461.1652,124.1839,427.2524,257.5452,489.9592,387.2542
337,461.3326,125.0005,427.8083,254.6111,490.449,387.0429
338,462.2624,125.7676,423.3798,253.057,490.4286,386.7866
339,463.2464,125.9056,412.2079,251.8219,490.3584,386.6672
340,464.0438,126.0018,397.2199,250.6771,490.6055,386.2534
341,464.6051,125.5935,379.2817,250.6548,490.0014,386.2579
342,464.6209,124.6761,362.2996,249.8789,489.8852,386.2867
343,463.5348,123.105,350.4734,249.4409,489.4007,386.2608
344,462.17,121.9535,343.7536,248.8212,488.7847,386.6582
345,460.4034,120.4978,342.4679,250.1836,488.4503,386.7462
346,459.1562,119.0932,348.4251,253.0315,488.3815,386.9003
347,458.1261,117.6288,359.5272,257.3734,488.474,386.8177
348,457.159,116.5178,373.1062,262.9523,488.8576,386.6737
349,457.1601,115.6308,389.3165,274.2445,489.4269,386.8494
350,457.6059,114.9976,404.3227,289.2174,489.9626,386.2922
351,457.511,114.2898,417.3051,309.0363,489.5825,386.1577
352,458.4235,114.2411,424.8829,332.3604,489.4592,385.9811
353,459.4418,114.4271,427.7888,354.2363,488.4276,385.9453
354,459.5864,114.1827,429.7315,372.8215,489.0901,385.7024
355,460.25,114.4,433.893,382.154,489.7783,385.5056
356,460.2661,113.7103,435.9774,384.6865,489.9003,385.3426
357,460.4098,113.5586,434.8276,383.8691,489.4082,386.8485
358,460.0811,112.7745,436.228,383.6491,488.2178,387.1597
359,460.0421,112.5583,434.4793,384.2634,487.8878,386.8324
360,459.4286,112.3113,436.8294,383.1273,488.7876,385.7782
361,459.4942,112.7849,437.8817,383.5638,489.7029,385.5532
362,459.0807,112.4774,439.8367,383.59,489.5655,385.5866
363,458.944,112.1044,440.2484,384.4944,489.4844,385.604
364,458.3899,112.1284,440.4459,385.5107,489.3888,386.5368
365,457.7504,112.1956,440.5197,386.5557,489.3265,387.5692
366,457.458,112.376,440.5113,387.545,489.3239,387.607
367,457.0714,112.5226,439.5842,387.7097,489.2914,387.5892
368,456.717,112.3813,439.487,387.959,489.2378,387.5919
