1,458.1183,116.7132,441.4566,390.5282,495.2402,388.3728
2,458.338,116.6225,441.2965,391.1945,494.7005,388.2228
3,458.1888,116.8029,443.8441,390.882,491.9311,388.8618
4,458.3062,116.8525,444.3398,390.7909,491.0209,388.895
5,458.7728,117.0112,445.777,390.9243,489.3578,388.8812
6,458.3183,116.6964,445.8604,391.2632,488.8752,388.6286
7,458.2269,116.6599,447.1109,391.126,488.1606,388.6508
8,458.1815,116.714,446.8726,391.4836,487.5299,388.6359
9,458.2059,116.6563,447.5476,391.3594,487.2104,388.5886
10,458.2134,116.6344,447.2915,391.3922,486.8837,388.5951
11,458.2286,116.684,446.7023,391.5735,486.4822,388.5911
12,458.2277,116.737,446.4279,391.396,486.229,388.7022
13,458.418,116.6612,445.6687,390.5962,486.1109,388.841
14,458.4768,116.834,445.3332,390.6341,485.5888,388.9897
15,458.443,116.6727,444.292,390.2597,485.5556,389.05
16,458.5674,116.9012,444.118,389.8827,485.3141,389.1713
17,458.5935,116.8376,443.1462,389.1746,485.1074,389.2104
18,458.5561,116.7992,442.6618,388.1917,484.9415,389.2645
19,458.5617,117.1898,442.4373,387.7763,484.6058,389.3505
20,458.5236,117.1455,441.2586,386.305,484.511,389.4752
21,458.4686,116.8684,442.1886,384.9377,484.293,389.5657
22,458.5798,116.4455,442.4501,382.4925,484.2416,389.568
23,459.0113,117.2397,441.2084,378.7821,484.297,388.143
24,459.127,118.165,433.4147,368.0226,484.4559,387.8098
25,458.462,119.2581,426.8729,342.6038,485.1365,387.5204
26,457.6945,120.3532,425.6568,317.6879,486.0565,387.8071
27,457.1479,120.6861,421.5349,282.6301,486.0433,387.8941
28,456.3684,120.9398,414.682,251.7738,485.728,388.1126
29,455.5882,123.3074,406.6351,226.4426,485.2812,388.1499
30,454.8059,126.0812,403.6754,211.8412,484.7254,388.0872
31,454.7948,126.0006,403.4359,204.3066,484.6926,388.1983
32,455.6642,127.7696,404.6466,201.7501,484.2534,388.4017
33,456.2001,128.5723,406.9893,205.3018,483.6453,388.4525
34,456.667,128.6306,404.1666,217.1867,483.8792,388.6664
35,457.8814,129.2563,394.5122,243.1294,484.7068,388.5166
36,458.719,129.4779,388.0057,263.7614,485.4015,388.4772
37,458.8384,127.9075,378.6997,277.808,485.7555,388.3609
38,458.9509,126.8778,375.8389,282.6206,486.1978,388.3963
39,458.8981,125.4299,376.2588,283.1068,486.9784,388.3646
40,458.7395,124.5026,377.4263,282.5375,486.6501,388.2509
41,458.9752,124.3599,378.7146,282.4264,485.9953,388.2152
42,458.7821,124.6265,379.8787,282.8811,485.6285,388.1791
43,458.8256,124.8134,380.0306,283.4035,485.1,388.0238
44,458.6584,125.5597,379.9966,284.1431,485.3554,387.7996
45,458.763,126.107,379.9983,284.4389,485.523,387.4943
46,459.0559,126.3961,380.289,284.9692,486.0131,387.2623
47,458.9352,126.2458,380.5231,285.6469,486.0737,387.4864
48,459.7386,125.4739,380.7505,286.6509,486.1787,387.5231
49,460.0136,124.6604,381.2779,289.3914,484.9971,387.7795
50,460.9914,123.2808,385.8037,294.879,484.9456,387.894
51,461.6138,122.003,392.475,305.4562,484.7049,387.9386
52,462.255,120.8098,400.7133,321.3088,484.3071,387.885
53,463.3233,119.1666,411.4089,341.391,484.3751,387.556
54,464.2678,118.8187,420.0115,361.1775,483.9547,387.4563
55,465.1103,117.9416,427.9903,374.7254,483.8284,387.567
56,465.3871,118.2066,433.638,381.7927,483.5537,388.062
57,465.5289,117.7653,438.8038,385.5518,482.665,389.4367
58,465.4704,117.934,442.3631,386.0852,482.5023,389.5353
59,465.1956,117.3467,440.5808,385.4094,484.0056,389.2322
60,464.9323,116.4168,441.4051,385.7601,484.0918,389.0931
61,464.4821,116.3573,441.6225,386.6892,483.8983,389.8745
62,464.56,116.1767,441.3439,387.5542,483.8153,389.7714
63,464.8174,115.9873,441.356,387.5429,483.7682,389.6522
64,464.6501,115.3818,440.66,387.6735,483.7061,389.5624
65,464.7845,115.1364,440.4966,387.695,483.6344,389.4515
66,464.5836,115.5873,439.6914,387.9835,483.5793,389.3246
67,464.5896,115.5886,439.6915,387.6627,483.5505,389.2415
68,464.5019,115.5063,438.397,387.69,483.511,389.1516
69,464.4265,115.5372,438.8037,387.4645,483.4744,389.047
70,464.0644,115.4946,436.9981,387.1898,483.4476,388.9506
71,464.2944,115.401,436.8868,387.1362,483.418,388.8454
72,464.1575,115.5319,434.3475,386.8878,483.41,388.7491
73,464.196,115.5256,434.577,386.1441,483.3731,388.6344
74,464.2327,115.4926,433.0561,385.2797,483.3588,388.4414
75,464.4561,115.4047,432.0163,383.6516,483.3167,388.236
76,464.5191,115.9247,432.1675,381.8718,483.1595,388.0113
77,464.4804,115.8215,432.8014,379.3211,483.0941,387.7985
78,464.3657,116.6047,432.1184,374.0092,483.855,386.7158
79,464.3252,117.2352,428.2468,362.5928,484.5621,386.3637
80,463.8144,118.33,429.1911,343.0944,485.8584,386.5123
81,463.0671,119.597,422.9014,307.2589,486.0262,386.7843
82,461.8203,120.3792,416.4692,272.0675,486.0465,387.3662
83,460.8692,120.8945,411.1183,240.8293,485.2443,387.4879
84,460.097,123.2469,409.905,220.3617,484.937,387.3244
85,459.9602,124.2294,407.5615,208.2334,485.1993,387.4439
86,460.8861,125.3826,407.0217,202.1132,484.1775,387.962
87,461.0524,126.4476,407.1191,200.8955,483.9077,388.2331
88,460.9652,128.2653,406.5613,202.6529,483.1395,388.2009
89,462.0417,130.7118,409.087,206.301,483.1349,388.2548
90,461.9853,131.3109,405.4997,216.1797,483.9311,388.2934
91,462.4678,131.3545,396.9041,234.6552,484.7961,388.1176
92,462.2162,130.4054,386.975,253.1,485.2584,388.0307
93,462.4918,129.5035,376.3365,262.8399,485.8911,388.101
94,462.8458,128.0949,370.7418,268.1176,486.3165,388.1287
95,463.1651,125.9358,371.1182,269.8131,486.5418,388.2601
96,463.081,125.4238,372.1627,271.4081,486.0727,388.5834
97,463.511,124.8839,373.4254,273.4545,485.2716,388.4597
98,463.5577,124.9674,374.3922,275.2905,484.6968,388.5146
99,463.5162,125.2542,373.9361,277.406,484.4281,388.1561
100,463.4013,126.5498,373.2811,279.2064,484.1336,388.0956
101,463.3709,127.1792,373.2277,280.7091,484.9173,387.7968
102,463.1828,127.2788,373.9987,281.2361,485.3184,387.2621
103,463.1537,127.0215,373.9149,281.2632,485.6694,387.2211
104,463.4391,125.8701,374.4508,281.6967,485.7049,387.4026
105,464.14,124.4045,374.2265,282.9291,485.9329,387.645
106,464.5045,123.1205,375.7012,285.9113,485.5243,387.7838
107,464.8302,121.1978,379.7065,292.3312,485.0007,387.8102
108,465.2934,119.885,384.2256,302.4675,484.7214,387.7974
109,465.8702,119.2148,392.3164,317.0724,485.0259,387.7277
110,466.086,117.9351,404.1042,334.0168,485.3062,387.6892
111,466.3085,116.8344,412.8559,349.8759,485.4187,387.6262
112,466.3959,115.9056,418.5586,364.0865,484.82,387.2736
113,466.479,116.0881,423.2621,371.5536,484.5248,387.2958
114,466.3589,115.5224,428.0754,377.1874,483.176,387.9224
115,466.1548,115.4889,436.5976,382.5791,482.2852,389.2671
116,465.4121,114.8389,441.1963,386.2801,482.839,389.9592
117,464.6038,114.7961,442.628,386.46,483.7794,389.7556
118,464.4271,114.1904,442.4582,386.618,483.7786,389.4921
119,463.9701,114.1469,442.4789,386.8536,483.756,389.3583
120,463.5641,114.0387,442.3378,387.8515,483.7187,389.2716
121,463.8721,114.0249,442.0395,388.1717,483.6711,389.1898
122,463.4714,113.2926,441.51,388.1955,483.664,389.0955
123,463.6155,113.3939,441.0584,388.228,483.6797,389.0071
124,463.475,113.6353,439.9404,388.5337,483.6804,388.8925
125,463.3811,113.8012,439.7597,388.2127,483.7114,388.8028
126,462.9411,113.9833,438.6183,387.8223,483.7785,388.7691
127,462.79,113.9079,438.6595,387.5628,483.8325,388.6825
128,462.7588,113.8423,436.5428,387.0045,483.8986,388.605
129,462.8502,113.8625,435.8977,386.3585,484.0099,388.5259
130,463.0987,114.0395,434.0728,384.7752,484.147,388.4724
131,463.008,114.2202,433.9975,383.9083,484.2145,388.408
132,462.9735,114.7246,433.3618,381.4456,484.364,388.3489
133,463.4035,114.4303,434.653,379.4179,484.4943,388.201
134,463.2927,114.4958,430.2011,373.937,484.6022,387.2004
135,462.9637,116.1897,425.6614,361.3346,485.044,386.5707
136,462.2432,117.7574,423.5465,337.3919,485.746,386.7972
137,461.2832,118.0267,418.4024,301.7188,487.1478,386.8075
138,460.9446,119.7267,408.265,269.0403,486.492,387.2752
139,460.0667,120.3617,405.5897,237.0653,486.3026,387.3117
140,459.3175,121.934,402.1594,217.5943,486.0047,387.376
141,459.0508,123.5678,402.062,205.938,485.149,387.3807
142,458.9377,125.7121,400.3752,201.3238,484.3668,387.6648
143,458.8416,127.4229,402.0324,200.3096,483.6675,387.961
144,459.2392,130.6844,401.2732,203.3397,483.3773,388.057
145,458.8438,132.8437,398.8858,209.4167,484.1444,387.8853
146,459.2859,132.7196,393.5912,220.4761,484.8474,387.8579
147,459.8542,132.4681,383.0179,239.0735,486.0463,387.6928
148,459.955,131.5768,373.0123,253.8054,485.9412,387.7071
149,459.9768,129.5678,361.1143,260.5044,486.6414,387.5335
150,460.2263,126.9251,355.2061,262.6936,486.1599,388.0981
151,459.9362,125.2827,354.6505,263.3047,486.7776,388.0828
152,459.7977,124.3059,355.3586,263.9202,485.8797,388.4283
153,460.0665,123.7501,355.8583,265.0579,484.9522,388.6275
154,460.325,123.7746,357.2485,266.3814,484.467,388.411
155,460.153,124.1845,357.9113,268.3951,483.9755,388.3482
156,460.3764,125.4932,358.7315,270.2112,483.9781,388.1148
157,460.6205,126.2699,358.4439,271.8927,484.9753,388.1047
158,460.6703,126.2436,358.6887,273.5404,485.8669,387.5801
159,461.4215,126.0649,359.6506,276.1962,486.4164,387.2676
160,461.4482,125.2597,363.5586,281.2498,486.0572,387.3643
161,462.2759,123.8952,371.2699,290.3271,485.9384,387.3208
162,462.9891,122.3605,382.4381,304.9236,485.2536,387.4906
163,463.5065,120.5692,397.5035,323.903,485.0616,387.4211
164,464.6286,119.7838,412.6113,342.5728,485.1805,387.3465
165,465.209,118.4603,424.4508,360.4264,484.1747,387.2175
166,465.5205,117.3927,430.8284,371.9335,483.923,386.9055
167,465.7777,116.9655,435.8436,378.8632,483.7009,386.5517
168,465.5533,117.0458,441.1406,382.8612,484.4397,388.5379
169,465.3846,116.5188,444.0758,384.7705,484.1519,390.2574
170,465.2783,116.5606,443.7869,386.1144,484.3426,390.736
171,465.0754,115.7828,443.7819,386.6882,484.1906,390.3572
172,464.941,115.5267,443.0742,386.8716,484.0654,390.036
173,464.7803,114.9919,443.1026,387.0055,484.0004,389.7911
174,464.5186,114.8786,442.0496,387.1012,483.9415,389.6035
175,464.7132,114.3252,441.4922,387.0183,483.8288,389.3349
176,464.6307,114.2897,440.4062,386.6062,483.8096,389.131
177,464.3176,113.8156,439.1743,386.0448,483.845,388.9173
178,464.3445,113.8087,437.9215,384.6539,483.8972,388.795
179,463.9938,113.806,437.5547,383.6311,483.963,388.5936
180,463.8492,114.2005,436.6666,381.7485,484.0061,388.4656
181,463.6499,113.9134,436.1602,381.0203,484.0083,388.3549
182,463.4356,114.4682,434.9951,378.7067,484.0585,388.1671
183,463.3523,114.4701,435.1917,377.7081,484.1171,388.0173
184,463.5725,114.6866,434.6058,375.4887,484.2824,387.7968
185,463.9128,114.932,435.5461,374.0618,484.3773,387.6558
186,464.1609,115.348,435.9953,371.2388,484.4997,387.537
187,464.4315,115.5331,436.2469,368.0182,484.6316,386.5223
188,464.7463,116.5702,427.6168,359.105,484.9803,386.3636
189,464.2939,117.9787,419.416,339.9145,485.5352,386.4714
190,463.4363,118.7886,424.1481,324.2707,486.4267,386.5181
191,462.1958,119.4924,416.7986,288.6323,486.5231,387.0642
192,460.841,120.4663,408.4792,255.4088,486.3994,386.955
193,460.3125,121.0638,404.0848,229.4848,486.0308,387.1524
194,458.9699,124.292,398.805,213.1607,485.0267,387.2851
195,458.3595,125.1053,399.7155,203.0623,484.4986,387.35
196,457.7254,127.0964,399.0954,200.0818,484.0916,387.5061
197,457.5516,128.3909,397.7976,201.5278,483.6305,387.9688
198,458.0926,130.1638,399.4307,204.4053,483.4031,388.1276
199,458.681,132.5428,396.343,211.9877,484.1264,388.4727
200,458.8132,133.4934,386.0864,227.089,484.559,388.3008
201,458.8832,133.3401,375.5042,247.2401,484.9872,388.0886
202,459.0319,131.569,366.0892,257.6061,485.6549,387.9839
203,459.2713,130.6648,357.6253,264.4693,486.3851,388.0198
204,459.8401,129.0639,353.7621,267.6356,486.6815,387.9383
205,459.8078,127.5666,354.1641,268.0272,486.1934,387.6256
206,460.0252,126.8175,354.9674,267.4384,485.9649,387.877
207,460.2395,125.5526,355.8101,267.3139,485.0396,387.886
208,460.8759,125.085,356.7172,268.2856,484.462,387.949
209,460.9277,125.603,356.7383,270.0234,484.574,387.8766
210,461.0024,125.5107,357.4642,272.5824,484.9007,387.6264
211,460.9994,126.0242,358.6272,276.3693,485.2099,387.3912
212,461.1692,125.3413,362.9352,283.0206,485.4824,387.1365
213,461.6625,124.0234,371.5614,292.7346,485.7424,387.2432
214,462.6451,122.6835,381.7019,306.264,485.1114,387.344
215,463.2695,121.1945,394.4753,322.8943,484.7091,387.2573
216,463.9421,120.1779,405.2485,339.9414,484.7894,387.3415
217,464.0175,119.458,416.5605,356.6504,484.135,387.4929
218,464.5551,118.6402,421.0285,366.8004,483.962,387.5941
219,464.8165,117.9796,427.4658,373.8961,483.3486,388.1267
220,464.842,117.9943,433.9676,380.0231,482.3724,388.8748
221,464.2087,118.196,441.3984,382.2901,482.153,389.6444
222,464.4675,117.4002,443.2929,383.3727,482.1174,389.5672
223,464.0223,116.8855,443.442,385.234,482.1729,389.4619
224,463.9024,116.2621,442.5056,386.3879,482.164,390.2556
225,463.5449,115.6361,442.5877,386.4585,482.186,390.1581
226,463.6005,115.4793,442.3324,386.7189,482.2537,389.9976
227,463.4157,115.0749,441.7375,386.7442,482.3433,389.8603
228,463.4219,114.9408,441.3453,386.9015,482.4225,389.7496
229,463.6629,114.871,440.4427,387.3222,482.4887,389.7159
230,463.639,114.8481,440.3313,387.1639,482.5694,389.7106
231,463.6139,114.7128,439.0004,387.1053,482.6533,389.6619
232,462.9715,114.9908,439.2315,387.1222,482.7666,389.5896
233,462.8094,115.1574,437.4942,386.3513,482.8204,389.4832
234,462.7442,115.3958,437.4015,386.1469,482.918,389.4684
235,462.7537,115.4757,436.1315,384.6131,482.9822,389.3785
236,462.5736,115.5119,435.5052,383.94,483.0556,389.3153
237,462.7743,115.5446,435.1098,382.0694,483.1464,389.2595
238,462.77,115.8868,435.5102,381.1501,483.2717,389.2003
239,462.9566,115.9216,435.0639,378.7904,483.328,389.1669
240,463.1709,116.0583,435.6461,377.8883,483.3914,389.0948
241,463.6696,116.2895,435.3331,374.0735,483.6359,388.1202
242,463.5822,116.7428,432.3164,366.4556,483.9855,387.2512
243,463.0671,117.3138,425.1675,345.0405,484.5625,386.729
244,462.4782,118.0992,423.8728,319.5816,485.4224,387.0022
245,461.1456,118.5209,421.2055,284.5327,485.877,387.3246
246,460.3188,118.6472,412.8987,250.5538,485.73,387.1361
247,459.954,119.5689,407.3481,223.6689,485.5321,387.0226
248,459.0953,121.4112,404.7126,206.5903,485.3879,387.0277
249,458.9863,121.344,402.2319,197.7055,484.6753,387.2722
250,459.0029,124.1716,400.6896,194.6921,484.5512,387.5548
251,458.837,126.1094,399.9141,195.8609,483.8755,387.8539
252,458.2111,127.7928,397.6077,201.3323,483.8241,388.0138
253,458.3977,129.7477,397.9855,207.6796,484.8382,387.6079
254,458.9591,131.7007,389.6815,219.585,485.6457,387.4724
255,458.9109,132.2801,376.687,242.6373,486.3687,387.347
256,458.8409,132.4156,366.3976,260.1871,486.3318,387.1369
257,459.1583,131.488,356.0944,270.4913,486.4736,387.0301
258,459.4613,130.3048,349.7947,274.1707,486.4415,387.1462
259,459.6929,128.4428,349.0193,273.6588,486.2578,387.2777
260,459.3169,126.5971,349.7295,272.5821,485.3873,387.8111
261,459.0686,125.4374,350.3691,271.8395,485.1219,388.0701
262,458.9899,124.4391,350.7784,272.48,484.4329,388.2128
263,458.8527,124.4452,349.9123,273.4823,484.3264,388.3077
264,458.6497,125.2336,348.9649,275.227,484.2918,388.176
265,458.4025,125.0348,349.205,277.406,484.3977,387.9159
266,458.4906,126.1286,349.5494,279.6817,485.139,387.7038
267,458.589,126.7469,350.418,282.3844,485.5398,387.3456
268,459.1936,126.1287,355.1129,287.7003,485.6756,387.2085
269,459.8745,124.3422,361.8197,295.1452,485.6996,387.1256
270,460.4637,122.749,371.4073,306.6675,485.2384,387.2907
271,461.6716,121.7528,381.471,320.219,485.0277,387.2544
272,462.379,120.8565,395.1581,335.6613,484.9989,387.4096
273,463.3871,119.878,407.6559,349.4189,485.057,387.3268
274,463.7111,119.2426,416.8236,361.651,484.5222,387.448
275,464.2553,118.0061,422.557,370.6551,484.4486,387.2974
276,464.4402,117.1049,431.3813,375.9199,484.5982,387.6912
277,464.3288,116.7324,437.3528,379.2196,485.5425,389.5134
278,464.5486,116.1553,442.5325,382.5934,485.3265,390.6136
279,464.4926,116.035,443.2847,385.4918,484.6247,391.1242
280,464.5131,116.0092,443.4382,386.5806,484.2146,391.8434
281,463.9388,115.5973,443.7865,386.5271,484.0544,391.7221
282,463.721,115.2713,444.9556,386.4498,484.0066,391.6225
283,463.4866,114.5517,445.3219,386.576,484.0028,391.5819
284,463.0857,114.4975,445.3989,387.6563,483.9632,392.5
285,462.7625,114.2504,445.4277,388.6563,483.8022,392.5646
286,462.466,114.0871,445.4006,388.6984,483.7502,392.5421
287,462.0593,114.0065,445.4117,388.808,483.6671,392.4263
288,461.6373,114.1229,445.4059,389.0043,483.6657,392.3725
289,461.9704,114.1548,445.4663,389.2623,483.693,392.3827
290,461.4899,114.503,445.515,389.4021,483.7101,392.3992
291,461.1822,114.4018,445.641,389.5325,483.7361,392.4015
