1,499.0306,119.0645,469.445,396.1354,538.746,395.1605
2,498.9268,119.5122,470.1115,396.318,537.5617,394.6098
3,498.9036,119.4822,470.5478,396.3904,536.9704,394.5058
4,499.0336,119.5669,470.7523,396.4304,536.6093,394.3922
5,499.0488,119.6775,470.8893,396.3912,536.4602,394.3056
6,499.1215,119.5756,470.996,396.417,536.3293,394.3049
7,499.2715,119.6446,471.046,396.4141,536.3501,394.2966
8,499.2563,119.5728,471.0965,396.3692,536.2925,394.2772
9,499.2853,119.5754,471.1384,396.344,536.2438,394.2528
10,499.1855,119.4673,471.1493,396.3111,536.2268,394.2159
11,499.1875,119.4788,471.176,396.2913,536.211,394.1792
12,499.2064,119.4877,471.1789,396.2834,536.2748,394.1791
13,498.8978,120.1712,471.1851,396.2562,536.4213,394.1157
14,498.9799,120.1138,471.1654,396.2542,536.3584,394.0196
15,498.9132,120.0663,471.121,396.2384,536.3472,394.0058
16,498.9265,120.1244,471.0638,396.2275,536.3475,394.0069
17,498.8206,120.1311,470.975,396.2216,536.344,393.97
18,498.9922,120.1082,470.8708,396.2202,536.372,393.9506
19,498.9869,120.1416,470.8066,396.202,536.3646,393.9274
20,498.8721,120.0848,470.7138,396.1806,536.4075,393.8848
21,498.8746,120.2063,470.5995,396.1571,536.5523,393.781
22,498.8453,120.1331,470.4246,396.1326,536.6839,393.6548
23,498.7496,120.137,470.2459,396.2167,536.989,393.3738
24,499.012,120.301,469.9383,396.4386,537.3112,392.3398
25,499.6097,120.9231,467.2134,396.8272,539.6552,390.9462
26,500.1214,121.1985,460.8458,395.5534,546.1957,387.67
27,500.2696,121.299,453.9323,390.7569,551.8354,383.5654
28,500.3498,121.2929,448.3825,379.5501,558.7771,372.6198
29,500.2827,121.4792,447.9496,364.0729,559.8495,357.9968
30,499.9381,121.2348,451.8603,347.454,557.769,339.9178
31,500.1329,120.8087,459,327.6637,554.7828,321.6194
32,499.9804,120.8989,468.7696,304.6764,553.7325,299.27
33,499.9366,120.2248,476.1495,276.3559,554.5061,275.3068
34,500.1512,120.4604,466.847,250.4428,562.6688,251.2917
35,500.2938,120.4373,452.2472,227.9748,577.5818,230.045
36,500.5769,121.6377,443.174,208.1113,587.9725,215.9556
37,500.774,120.9621,419.0387,199.5032,606.2471,210.1465
38,501.0297,121.595,398.9469,201.9674,620.8279,214.7992
39,501.2835,121.9481,385.2104,215.684,628.8325,229.3073
40,501.7509,122.4615,383.0627,238.535,628.43,251.5571
41,501.9243,122.8282,392.9494,266.4588,618.638,277.9256
42,501.6935,123.0613,418.2265,289.7286,602.6697,299.0007
43,501.6852,123.2166,446.958,298.4321,585.8124,312.2661
44,501.3696,123.7241,469.0758,296.7576,571.6797,316.0975
45,501.6007,123.7074,483.2436,290.337,561.3264,313.3459
46,501.3606,123.9618,487.8568,284.3281,556.7698,306.794
47,501.7969,124.2391,487.8933,281.8092,555.3292,303.6771
48,501.6255,124.7505,481.8954,283.22,556.2542,302.2885
49,502.2937,125.6601,467.9882,289.25,562.4062,304.3716
50,502.6754,126.5782,450.6278,295.6364,574.6658,307.6287
51,502.9963,127.4143,416.3069,304.3451,601.5521,312.4225
52,502.9157,128.1819,374.2111,310.5355,636.2274,317.5635
53,503.53,129.0996,334.6996,318.5665,674.8558,321
54,503.7748,129.4549,315.7112,322.9251,695.8942,321.6627
55,504.3066,129.339,312.7706,322.1824,702.1455,319.2467
56,505.0228,128.4093,319.5,320.1021,695.8798,317.0915
57,505.5295,127.1962,331.0697,318.8968,685.2186,316.6725
58,505.5629,126.0376,343.9432,320.2096,671.4334,318.6648
59,505.8251,124.0319,359.2215,325.1295,654.3328,324.1902
60,505.9782,122.3582,379.1538,335.6554,634.0612,333.1103
61,506.3013,120.9583,400.6019,347.9525,613.4686,346.1561
62,506.2123,119.6186,419.2745,361.3911,593.0221,359.1757
63,506.3414,119.0519,433.3848,374.6954,576.9453,372.0415
64,506.297,118.6999,445.8186,385.605,561.2313,380.9528
65,506.2411,118.3,456.189,394.378,549.6498,386.8629
66,506.092,117.7411,462.6048,400.0204,543.485,391.296
67,505.659,117.1313,466.8328,402.5539,541.7914,394.5243
68,505.5373,116.8137,469.2393,402.4866,539.7598,395.2293
69,505.1793,116.1364,472.9582,401.2222,538.9332,395.3661
70,504.9244,115.7912,472.7645,401.6431,538.862,395.597
71,504.9368,114.6571,471.4164,402.9027,538.5992,396.6018
72,504.8931,114.5815,470.1984,404.0726,538.5717,397.6497
73,504.8949,114.5808,470.1397,404.1414,538.4083,397.7469
74,504.6347,114.5619,470.1077,404.1183,538.4476,397.6329
75,504.4144,114.637,470.025,404.0701,538.2905,397.6424
76,504.4327,114.7832,469.9313,403.9704,538.2688,397.6455
77,504.2083,115.0763,469.8132,403.8716,538.1986,397.6223
78,504.5108,115.1902,469.6986,403.8284,538.1757,397.6338
79,504.3361,115.1839,469.5687,403.7896,538.2011,397.6636
80,504.6173,115.1181,469.4464,403.754,538.2828,397.7504
81,504.7398,115.7776,469.251,403.6963,538.2984,397.803
82,504.6902,116.0239,469.1198,403.6093,538.2551,397.8332
83,504.961,116.1215,468.9915,403.5273,538.3129,397.9041
84,505.0752,116.6546,468.8523,403.4414,538.4266,397.9008
85,505.186,116.0472,468.7594,403.3015,538.4071,397.9117
86,505.1002,116.6166,468.8393,403.3247,538.7304,397.9268
87,504.9488,116.9341,468.4533,403.3781,539.9648,397.7952
88,504.8994,117.2015,465.6476,402.7693,542.2666,397.6575
89,504.7753,116.6479,461.595,401.5968,546.0736,396.3167
90,504.2052,116.6719,457.3499,398.2614,552.2397,395.0728
91,503.7892,116.3064,452.9905,390.3377,558.9485,390.3283
92,503.6308,116.1368,453.2103,376.2672,564.612,380.6014
93,503.2591,115.8976,457.6461,357.9858,568.3624,363.2861
94,503.4234,115.5139,463.3606,335.6554,568.7924,339.9507
95,503.5484,115.1478,472.8555,311.4847,566.5296,312.6016
96,503.605,114.8439,480.5408,283.8726,565.6256,283.0895
97,503.8392,114.3754,483.6337,257.234,569.7086,254.3516
98,504.8168,114.9293,479.125,233.7415,570.6243,230.1733
99,505.4853,115.595,466.896,209.6424,576.8896,210.3092
100,506.8588,117.108,449.0996,192.5174,595.1804,195.2176
101,506.7004,118.4405,427.6423,187.8777,613.3031,189.2373
102,506.9596,118.0389,413.3177,185.5538,629.1364,191.4655
103,507.8504,118.2886,395.7527,193.6674,641.5191,201.8419
104,508.7944,119.2109,384.5064,208.6759,648.3495,220.7164
105,509.5252,119.5411,380.372,231.0184,648.7178,245.5715
106,510.0693,120.3584,389.1474,260.4839,639.3059,272.7706
107,511.0713,120.0608,411.635,286.7658,620.1128,297.783
108,511.3653,120.5415,438.4707,301.9428,600.311,310.2729
109,511.3611,120.5665,456.3555,302.9745,586.2337,311.909
110,511.7207,120.8304,466.5469,294.2016,580.1794,303.6464
111,511.8069,120.9864,471.2673,283.457,577.8203,291.5758
112,512.1708,120.6324,474.429,274.9537,575.7164,280.4257
113,512.3913,121.0366,474.5382,270.2815,574.3262,273.0443
114,512.7182,120.9175,473.4819,269.9498,573.3083,272.3852
115,513.3636,121.4789,468.2308,274.8309,575.674,276.9882
116,513.4257,122.5486,454.9991,283.6807,585.1484,286.7643
117,513.2522,124.2221,431.7855,295.3053,601.4612,297.2497
118,513.7822,125.367,397.4024,308.0291,630.1096,308.8639
119,513.6648,126.3727,357.6499,319.6503,662.1052,318.2915
120,513.4222,127.0408,331.6421,327.7047,690.799,324.4572
121,513.7226,126.6265,319.5872,330.9434,701.6805,325.3331
122,513.993,126.5175,320.5905,329.1029,702.141,323.8862
123,514.1357,125.2537,327.7123,326.0312,696.102,321.3889
124,513.687,123.9317,335.8042,323.4259,688.3332,319.8709
125,513.7669,122.5103,344.678,323.0165,680.4208,320.3502
126,513.577,121.2636,354.4721,325.8109,672.4435,322.7431
127,512.901,119.8018,367.626,331.2163,660.5932,329.0709
128,512.2218,118.7736,384.8491,340.9952,644.4108,338.2911
129,511.8204,117.4345,401.3322,351.0855,625.0775,350.5467
130,511.0977,117.0123,418.1782,360.9495,604.204,363.023
131,510.0181,116.5243,431.9327,370.7721,586.1018,373.2699
132,509.745,116.2772,444.8572,378.8897,570.0013,381.195
133,508.7479,116.231,455.0768,384.7299,556.86,386.2715
134,508.052,115.7249,462.2187,390.4081,548.0474,389.012
135,507.6899,115.5522,469.0707,394.4784,541.1643,391.4487
136,506.6592,114.6196,472.4627,398.993,537.6652,394.69
137,506.4445,113.9953,470.412,401.9396,537.4748,397.3625
138,506.0701,113.6914,469.2166,402.1402,536.7069,398.0425
139,505.5986,113.3774,468.9414,402.0116,536.8294,397.1237
140,505.1823,112.9772,468.9423,403.0149,537.0328,397.0647
141,504.9688,112.7451,468.9495,403.9765,537.2218,397.0693
142,505.1888,112.8206,469.5718,403.5794,538.3361,397.0632
143,505.1526,112.9412,469.5779,403.4199,538.4828,397.0352
144,505.1652,113.538,469.5607,403.3133,538.6081,397.0684
145,505.4255,113.4992,469.5079,403.2749,538.8063,397.1521
146,505.8528,113.501,469.3091,403.301,538.9885,397.2129
147,506.0549,113.8464,469.2203,403.313,539.1038,397.2419
148,506.56,113.9679,469.1839,403.2581,539.2135,397.2341
149,507.0357,114.2053,469.0424,403.164,539.3203,397.2224
150,507.4452,114.9499,468.9477,403.0289,539.4059,397.12
151,507.3974,115.1453,468.7732,402.852,539.4749,397.0482
152,507.7682,115.0934,468.8796,402.6726,539.5588,396.9934
153,507.8889,115.4791,468.7025,402.5642,539.7453,396.9316
154,508.0303,115.502,468.5659,402.4119,539.8805,396.834
155,507.9742,115.5913,468.6519,402.1907,540.1772,396.7571
156,507.7535,116.1805,468.3534,402.4292,542.1788,396.6735
157,508.3418,115.3764,466.3728,400.2945,545.5547,395.894
158,508.2287,115.6768,462.9157,397.3059,553.0953,393.395
159,508.2312,115.9556,459.6522,387.5942,558.8207,385.196
160,507.4257,116.4609,461.0478,372.2636,563.7669,371.0226
161,507.3339,115.9928,463.5288,351.9902,564.9825,350.4745
162,507.2305,115.7659,468.3387,328.0081,566.1803,326.941
163,507.0967,115.2804,473.1006,301.1826,565.5989,300.956
164,506.9356,114.9758,477.4407,272.7293,563.1802,273.6222
165,506.9755,114.7343,477.2466,247.4545,562.4505,248.5152
166,506.9899,114.7673,472.3777,224.0297,565.5723,225.887
167,507.7173,115.1014,466.6743,204.6118,578.0498,207.8384
168,507.7886,116.067,455.4457,189.8345,588.5169,193.4415
169,507.5326,117.2337,438.1856,181.8149,600.746,185.8029
170,507.1617,118.673,418.196,181.7547,615.4911,186.6555
171,507.5626,118.5263,402.6664,189.2696,631.661,196.251
172,507.706,119.283,388.2003,204.6376,644.419,216.0579
173,507.8367,119.7004,379.0059,231.5131,652.7695,245.1619
174,507.8635,120.6081,383.3425,261.9497,648.9113,274.6194
175,507.9281,120.9128,398.7558,290.9194,633.2055,304.3418
176,508.5428,120.5776,426.5471,312.4112,611.5917,321.8592
177,508.7106,120.9915,449.5869,318.0427,592.9838,327.7931
178,509.0897,121.1858,464.7556,312.8168,582.0045,324.1568
179,509.4442,121.3462,472.5103,305.3408,576.9774,316.1468
180,509.7796,121.3845,475.655,298.1924,573.2415,307.7288
181,510.3096,121.8985,474.491,295.4521,571.6425,301.7156
182,510.8007,122.5356,471.1758,296.636,571.5887,300.6119
183,510.8113,123.6521,463.0679,302.4169,575.844,305.098
184,511.5193,124.4555,444.8218,313.9441,587.5088,313.0649
185,511.5483,125.8081,414.014,327.2675,609.9097,323.7717
186,511.4596,126.3219,376.5239,340.5268,638.0088,332.3909
187,511.2081,126.5506,343.4939,348.4773,667.8475,341.9677
188,511.2883,126.2804,327.2955,353.6023,685.9606,346.0664
189,511.1893,125.4121,320.6417,353.7518,691.3188,345.4141
190,511.3604,124.3854,323.2059,351.0907,688.5803,342.6265
191,511.2762,122.6126,329.234,348.006,682.903,340.3136
192,511.3071,121.1715,337.4076,346.66,676.452,340.1066
193,510.9716,119.628,348.7618,347.5794,667.3405,341.6836
194,510.1891,118.6023,361.7075,351.2263,655.1566,346.835
195,509.5938,117.1039,378.2084,355.5674,638.428,354.1505
196,509.2561,116.6646,396.4897,363.0263,620.0824,361.7221
197,508.6445,115.847,413.2854,368.3698,603.5388,368.6743
198,508.1706,115.4088,430.0065,374.7258,585.1875,375.3469
199,507.5686,114.7863,444.0914,379.923,569.1663,379.4649
200,506.967,114.3318,454.7056,384.7803,555.587,383.6104
201,506.7599,114.036,463.2907,389.3124,546.387,386.2726
202,506.5264,113.2389,470.8995,392.9031,541.9559,389.0793
203,506.3098,113.0681,473.0647,397.2187,539.9734,393.5531
204,506.1348,112.3465,473.0025,401.1237,542.6657,398.7866
205,506.3305,113.0126,471.5249,401.9587,541.4167,399.5289
206,506.3238,112.1851,470.1513,401.6638,540.1114,398.3314
207,506.2656,112.0942,469.1433,402.6556,540.1711,398.1982
208,506.2276,112.115,468.8306,403.0815,540.4134,399.0487
209,506.2945,111.9223,470.1444,403.0313,540.6294,399.0361
210,506.2601,112.1263,470.9537,402.946,540.8496,398.8869
211,506.2406,112.325,470.7879,402.865,540.9215,398.8393
212,506.0692,112.7722,470.6707,402.8011,541.096,398.7976
213,506.5864,112.5314,470.4798,402.7667,541.1777,398.8013
214,506.4213,112.3907,470.3535,402.7515,541.3387,398.7581
215,506.98,113.2297,470.2261,402.7316,541.4778,398.7566
216,506.9027,113.0475,470.0657,402.7155,541.4748,398.7871
217,506.9676,112.6566,469.8573,402.7227,541.5688,398.7707
218,506.9915,112.9236,469.7247,402.6818,541.6909,398.7332
219,507.04,113.4741,469.6302,402.6071,541.7318,398.605
220,507.1211,113.6946,469.5059,402.5421,541.8372,398.4928
221,507.1244,113.7976,469.4845,402.477,542.9265,398.3419
222,507.0393,113.9323,469.4962,402.4766,545.0449,397.8121
223,506.7045,113.7898,468.9517,400.7162,547.251,395.1076
224,506.0797,113.5945,467.7683,395.8979,551.9181,390.8461
225,505.7476,113.3454,468.3337,383.0339,555.7501,380.4019
226,505.4599,113.7139,471.6548,364.9374,561.8279,362.7154
227,505.4676,113.3264,475.1136,340.9918,565.3506,338.3299
228,505.3232,113.229,479.5944,310.856,567.0625,309.3769
229,505.2616,112.5091,484.8049,282.333,568.2597,279.2054
230,505.3536,112.1885,486.8671,254.7011,570.5536,251.5347
231,505.4037,112.138,484.7291,226.2298,573.912,226.0023
232,505.7052,112.2214,479.0437,203.6974,578.9526,204.3975
233,505.5987,115.0681,468.5716,186.216,584.9542,186.5936
234,505.5265,115.9516,454.2804,175.0735,597.6321,175.786
235,505.4316,116.5466,438.8557,169.6109,610.8202,170.2548
236,505.8075,116.365,420.4187,171.8177,625.7942,173.2888
237,507.0572,115.5278,407.4899,177.9842,638.215,184.9367
238,507.0931,116.4653,394.2342,193.8948,649.3983,205.0386
239,507.2129,117.2972,384.9929,215.8753,654.7668,232.7316
240,507.4487,117.6805,382.8965,245.8161,655.5191,263.6783
241,507.6011,118.24,394.0844,280.7104,640.7511,294.4319
242,507.5794,118.5766,415.239,305.4289,621.2299,312.5601
243,507.649,118.7683,441.6875,314.9977,597.6056,322.7518
244,507.7894,118.8667,460.6083,312.9979,583.8078,322.4595
245,508.0866,119.0749,472.4814,305.8977,576.2932,316.6213
246,508.3372,118.7918,477.4448,299.6539,569.9516,309.6926
247,508.5582,118.5955,479.2348,296.2345,568.0101,303.2097
248,509.0385,118.4705,474.9833,296.9902,567.8146,301.2434
249,509.5996,119.0112,469.1627,300.1717,569.529,302.6502
250,509.8574,119.4597,451.4393,308.1997,579.4838,307.6966
251,510.6582,120.6556,424.706,316.5425,600.6095,314.7439
252,510.6063,122.2011,387.3344,324.2916,630.0075,320.6996
253,510.7106,123.4803,346.6234,332.2833,667.555,328.4784
254,510.9245,123.7386,324.369,336.2553,694.224,331.2092
255,511.102,123.7435,312.6298,336.9621,703.899,330.4871
256,511.3263,124.2246,312.6862,334.56,704.4647,327.4701
257,512.0874,123.0537,318.0721,332.1497,700.3764,324.6644
258,511.9022,121.9819,324.2442,330.8502,694.3983,323.0317
259,512.1767,120.953,331.8061,330.7126,688.2537,322.5909
260,511.9497,120.0598,339.2599,332.4744,680.9974,324.5617
261,511.7184,118.8174,351.2014,338.2653,667.9284,329.6684
262,511.5155,118.0265,369.7882,346.3351,649.6421,338.2869
263,510.9416,117.3788,390.9893,355.5044,626.8646,349.5725
264,510.7216,116.8099,411.2887,366.1434,605.2914,361.6833
265,510.1333,115.5202,428.3196,375.3269,585.0936,372.2476
266,509.7006,115.14,440.5632,381.8461,570.0111,379.2379
267,508.9736,114.6197,451.3564,387.0602,558.2791,384.6379
268,508.4651,114.3989,460.5224,391.3919,550.4408,388.4695
269,507.3711,113.6886,466.9306,396.2648,544.4749,392.6733
270,506.6988,113.317,468.9867,400.7271,542.2371,397.0307
271,506.1071,112.4382,468.448,402.1477,541.5498,398.2873
272,505.1437,112.4911,467.68,401.2844,541.4658,397.302
273,504.5881,112.1887,467.2744,401.3601,541.7618,397.1983
274,504.2243,111.9345,466.9951,401.5387,542.8309,397.2642
275,503.7627,111.8402,466.8049,401.5827,543.8103,397.2665
276,503.7038,111.9421,467.447,401.638,543.8838,397.2866
277,503.5012,112.0329,467.1981,401.6276,543.9098,397.3873
278,503.4547,112.0745,467.0268,401.5908,543.901,397.4348
279,503.4214,112.5345,466.9083,401.528,543.9224,397.4821
280,503.9799,112.4286,466.7314,401.4979,543.9995,397.5133
281,504.1135,112.5095,466.479,401.4962,544.0474,397.5725
282,504.4214,112.382,466.3001,401.4769,544.1154,397.6077
283,504.5588,112.4783,466.1313,401.4511,544.1422,397.6941
284,504.9202,112.6257,465.997,401.4154,544.2833,397.7632
285,504.9793,112.7799,465.8543,401.3006,544.473,397.7546
286,505.419,112.708,465.8094,401.2498,544.6833,397.7622
287,505.3438,113.2342,466.0062,402.3431,545.0558,398.4186
288,504.8153,113.3717,467.0831,403.6273,545.4495,398.6258
289,505.0015,112.8088,466.7633,403.7148,546.9981,398.0317
290,504.635,112.9962,467.0142,399.4296,551.3101,396.0435
291,504.7108,112.8073,470.0875,389.8103,554.2175,389.499
292,504.7843,112.338,476.2215,374.5253,554.5681,375.254
293,504.9104,112.0932,483.1569,356.1884,553.3214,356.6699
294,505.2066,111.8409,486.5244,332.9757,555.1532,332.8506
295,506.0573,111.4639,489.0318,306.9157,562.2887,306.9309
296,506.3616,111.594,487.43,280.1161,571.508,279.5595
297,506.6349,112.4262,485.5629,253.2237,576.5531,253.4473
298,507.3554,112.6451,480.0261,228.1701,579.8998,227.6958
299,508.5781,115.3649,475.6567,206.5476,584.2062,204.5773
300,508.921,116.5708,465.8653,186.8119,598.006,187.4628
301,509.0353,117.7951,452.176,175.3714,611.9682,178.1628
302,509.1934,118.7614,435.3387,170.9789,627.1489,174.8388
303,509.8023,118.5503,417.4986,172.4573,642.4333,179.3279
304,511.1019,118.4363,405.0843,178.1556,652.7802,191.9964
305,511.9437,119.2123,394.178,192.7237,659.3691,212.1425
306,512.4918,120.2064,388.5498,215.3824,656.7394,237.9574
307,513.4068,120.7057,392.1614,244.9516,649.2524,269.8427
308,513.5873,121.0506,408.4574,276.8249,628.2302,298.8468
309,514.0283,120.8814,435.2297,303.0113,603.6521,320.7464
310,514.0674,121.3736,458.6661,314.5394,586.572,328.5234
311,514.0112,121.7238,472.3165,311.9083,577.6397,326.3707
312,514.7886,122.0529,480.543,302.7756,575.618,318.2248
313,514.3255,122.6863,484.5079,293.4314,574.1318,306.8867
314,514.6958,122.8597,485.1475,287.3208,575.6528,298.98
315,515.534,122.7573,484.6496,284.7451,574.5814,295.2079
316,516.0506,122.8305,482.3719,288.6033,573.2678,296.8911
317,516.3772,123.7086,477.5309,297.0041,574.5507,303.7376
318,516.8608,124.896,464.547,309.8914,586.2331,315.7713
319,516.6954,126.6807,439.8562,325.3331,606.8269,329.766
320,516.6313,127.7882,402.4667,341.2731,636.6592,341.7291
321,516.6477,128.0666,362.7211,352.0091,669.9249,350.7575
322,516.5928,128.0914,339.0149,357.2067,690.8046,354.3065
323,516.8467,127.266,331.8434,356.7853,696.7094,352.2906
324,516.9865,125.8519,334.8498,354.3071,691.5915,348.9112
325,516.8503,124.0128,340.785,351.56,684.0297,345.7352
326,516.5439,122.4632,347.7245,350.8526,676.3982,344.0437
327,516.003,120.9911,354.9444,351.1069,667.5052,343.7561
328,515.2982,119.9601,365.1836,353.7267,656.4391,346.5161
329,514.6034,119.6103,378.4172,358.0574,644.1221,352.0973
330,513.7319,117.9888,392.9187,363.209,625.0589,359.9262
331,513.126,117.0113,409.2062,367.813,606.6335,366.0552
332,512.1061,116.5174,424.61,372.4487,587.9481,372.4103
333,511.0668,115.7865,437.6933,376.4214,571.8884,377.2339
334,510.3235,115.384,450.1554,379.9359,557.2141,380.2055
335,509.6054,114.767,460.5627,383.2326,544.6813,382.3265
336,508.6488,114.8251,471.6539,385.7855,534.8018,384.5245
337,508.3923,113.7444,476.8906,390.2717,531.0217,386.0462
338,507.3917,113.4571,477.9836,392.834,530.962,389.0619
339,506.8562,113.0506,478.8406,394.5857,532.0454,391.8033
340,506.6087,112.4018,479.0663,394.2899,531.8321,391.9341
341,506.1559,112.1307,478.2208,394.5283,531.3597,391.8477
342,506.5738,112.718,478.3543,394.5515,531.9709,391.936
343,505.8744,112.3798,478.6007,394.4853,531.632,391.952
344,505.4235,111.9944,477.8545,395.4847,531.3993,391.9927
