1,494.3463,126.6615,467.7557,405.0581,538.4346,403.3158
2,494.7042,126.5004,468.2564,405.4512,537.3606,403.4117
3,494.6302,126.586,468.4565,405.5321,537.1274,403.4695
4,494.7216,126.5144,468.3501,405.5745,537.2165,404.0101
5,494.7731,126.9438,468.2693,405.5555,537.692,404.2412
6,494.9271,126.4796,468.1159,405.4747,538.5582,405.5283
7,495.1293,126.41,467.7838,405.0207,543.0105,405.2958
8,495.0693,126.7236,467.1725,403.5387,548.9838,404.4681
9,495.2633,127.0761,465.5672,399.8352,558.9329,401.4761
10,495.3144,127.4022,465.8086,385.2926,567.7505,390.8929
11,495.2911,127.9863,470.7937,367.6974,574.6518,375.8482
12,495.1291,127.8782,480.8858,344.3078,572.9,361.6295
13,494.35,128.0154,489.8164,318.5584,575.5615,343.1835
14,494.5052,128.3947,497.3728,297.8923,575.2716,328.19
15,494.9365,128.1615,502.9205,283.0473,574.1661,316.8422
16,495.2228,128.5594,508.8489,275.5643,568.9005,310.3721
17,495.7443,129.3379,512.1992,273.9915,566.9086,306.0792
18,496.5716,130.1016,514.9935,276.2807,563.3041,304.8314
19,497.6113,130.9829,515.6656,282.2645,561.0237,304.5737
20,498.4611,132.1032,514.6061,293.2085,559.5082,303.9025
21,499.7465,132.4063,509.9135,301.6633,557.3781,304.9782
22,500.7911,133.0939,497.7742,309.6817,558.3774,307.9706
23,501.9282,132.8963,481.2384,318.7875,560.2717,310.3596
24,502.6406,131.8603,464.5307,325.554,561.6025,311.3068
25,502.6506,131.2763,446.5925,331.2557,559.2618,312.5585
26,502.8852,130.8705,436.3128,327.1461,559.533,313.5548
27,502.5544,131.0905,438.6403,317.0128,561.1154,315.3188
28,502.3382,131.1383,451.6203,304.8065,560.2782,317.9664
29,501.3197,131.7264,468.9207,294.4093,559.3254,319.9967
30,500.9755,131.7991,485.244,288.4196,558.2187,320.8613
31,500.4984,132.9112,497.3727,287.4291,556.1233,321.323
32,500.4331,133.581,506.6602,291.2399,553.8387,320.6856
33,500.1767,134.6256,511.9984,299.5141,553.512,319.0258
34,500.5282,135.3145,510.421,308.7709,552.1102,317.7539
35,500.8101,134.8057,500.341,316.7274,554.3155,318.3101
36,500.914,134.1624,485.0723,324.8639,558.2336,318.8835
37,501.11,133.2657,468.3034,331.2891,560.006,319.2656
38,501.228,132.5746,451.6186,329.746,556.7075,320.4606
39,500.8696,132.0277,447.2064,320.9992,557.4751,320.6881
40,500.8121,131.8701,457.0675,307.9963,558.6073,321.6853
41,500.4995,132.0281,471.1439,296.5037,558.7078,323.2828
42,500.5008,132.9061,490.0489,287.9307,556.7701,325.3103
43,500.346,133.5257,501.0084,286.8315,555.5572,325.6751
44,500.5101,134.3822,511.0536,291.9648,554.6231,324.6879
45,500.806,134.8752,515.1747,303.9824,554.0229,323.0104
46,501.4672,134.3726,509.7854,318.0362,553.7954,321.9428
47,501.59,134.2668,494.6653,330.5333,554.3503,325.2012
48,501.6366,133.1612,477.4616,340.4794,557.4892,328.8796
49,501.7195,132.0982,460.8158,347.9277,559.1649,331.395
50,501.6685,131.0319,446.117,349.4835,558.0256,334.7416
51,501.2185,129.6642,442.303,348.4574,559.3601,340.1701
52,501.0638,128.3589,444.3779,349.6708,557.1781,350.6203
53,501.0743,127.202,448.2131,354.1093,556.4267,360.9388
54,500.8581,126.5395,452.8509,361.2314,553.9763,373.3891
55,501.0364,125.7982,458.0287,371.3879,550.8149,383.2263
56,500.5084,126.0693,463.4114,381.1464,546.9977,391.5409
57,500.6169,125.4555,468.0202,389.6702,542.2916,394.3851
58,500.3285,124.8086,470.3277,394.1115,537.4181,394.7188
59,500.2801,124.6825,474.3778,397.4133,532.9869,394.9938
60,499.5966,124.3222,479.5157,399.0688,530.5665,395.8683
61,499.4389,123.9758,480.6003,401.9157,530.4389,396.8367
62,499.08,123.3566,480.6362,403.0705,530.5016,397.8428
63,498.5524,122.9559,481.3607,403.7256,531.4229,398.8762
64,498.4159,122.2915,481.4052,403.5855,531.5689,399.8072
65,498.5625,121.9175,481.3819,403.4872,531.655,399.777
66,498.7146,121.7566,481.3829,403.4739,531.7191,399.7585
67,498.5301,120.9616,481.3925,403.4438,531.7917,399.7093
68,498.5265,121.0603,481.3711,403.4256,531.9988,399.6521
69,498.2125,120.7944,481.3409,403.3487,532.2088,399.5901
70,498.098,120.8776,481.2682,403.2624,532.3934,399.5382
71,498.2169,120.9623,481.176,403.1666,532.5718,399.4913
72,498.1987,120.9211,481.1012,403.0881,532.7826,399.4626
73,498.3713,121.3287,481.0001,403.0609,533.0362,399.4226
74,498.2629,120.889,480.9021,402.9895,533.3042,399.4398
75,498.673,121.0897,480.8308,402.8684,533.565,399.4316
76,498.5687,121.5693,480.7537,402.7315,533.8678,399.4146
77,498.5293,121.5231,480.6278,402.5178,534.1642,399.3348
78,498.5263,121.7667,480.4638,402.2474,534.493,399.2241
79,498.6591,121.96,480.3467,401.9805,534.9605,399.0503
80,498.596,122.5363,480.1376,401.692,535.5332,398.8714
81,498.5621,122.6949,479.8662,401.3052,535.386,398.5007
82,498.3715,123.1844,479.5518,400.7651,536.817,397.9977
83,498.3483,123.3722,477.5055,399.0406,540.4815,397.5997
84,498.2221,123.7668,471.4923,395.0481,550.5083,398.6075
85,498.1122,123.9621,467.3534,388.1085,560.2218,399.4377
86,497.4978,124.814,465.8822,376.844,566.8594,398.6432
87,497.1195,125.8994,463.1505,352.71,572.5586,389.4784
88,496.5157,126.5516,465.433,328.103,576.2882,374.4027
89,496.3874,126.4319,471.038,304.3394,574.7128,358.18
90,495.8622,127.5129,478.0634,285.0138,575.1969,338.9111
91,495.8821,127.5458,484.1424,273.3754,575.519,321.001
92,495.7933,127.8915,491.5708,266.8451,572.5914,310.8016
93,496.3724,128.3424,498.023,266.5323,565.7496,305.2545
94,496.3535,128.8408,503.2217,270.3318,560.45,303.0982
95,496.49,130.1603,507.6196,277.8052,555.9559,303.7678
96,497.3602,130.5265,508.3249,290.5765,553.6884,304.9218
97,497.5185,131.7588,503.2857,306.8148,552.2295,307.2504
98,498.3721,132.1363,489.7561,318.9089,550.5765,314.0294
99,499.4163,132.1009,469.6077,331.0293,552.1143,318.6092
100,500.09,131.6569,449.7103,339.7336,553.46,320.3671
101,500.1959,131.8479,432.4705,337.8967,556.2366,319.9479
102,500.5372,131.5479,430.2594,325.5102,556.812,321.4357
103,500.4001,131.2819,442.0562,311.1304,557.1405,323.1385
104,500.1337,131.0543,459.1698,297.7682,556.1485,324.3325
105,500.3768,131.4861,477.0694,290.0925,554.5985,324.8478
106,500.309,132.1528,492.5354,289.6696,552.2216,324.8326
107,500.4292,132.9317,504.0363,296.2553,549.8674,324.3691
108,501.1911,133.7339,508.9969,308.2184,548.3068,322.6924
109,502.167,134.4287,503.9508,318.4041,549.4173,321.6995
110,502.4622,134.8488,490.2174,328.4739,550.3791,325.0784
111,502.517,134.1145,471.1981,337.1107,555.2186,326.2357
112,502.4225,133.4913,456.169,339.6089,557.156,326.4676
113,502.4957,132.8497,445.9548,331.7492,555.8338,326.4286
114,501.7083,131.7155,453.0827,315.8934,555.471,326.9618
115,501.5407,130.767,466.0858,301.9036,556.0682,327.4827
116,501.4518,131.4116,483.6213,289.9815,554.9439,328.5378
117,501.3925,131.6383,496.4274,285.9626,553.6002,329.3595
118,501.7188,132.3973,508.3353,288.3635,552.5004,329.2058
119,502.4469,133.0756,514.376,297.7637,552.0878,327.9162
120,502.806,133.9538,515.0328,314.5552,551.1708,325.9812
121,502.7505,134.8138,504.2799,328.1277,553.5176,325.944
122,503.0661,134.7156,486.3105,339.5103,557.175,329.4834
123,503.0987,134.5045,466.4963,348.2675,559.165,332.1341
124,503.1053,133.2889,446.7523,350.1441,557.1046,335.0482
125,503.2338,132.443,440.6554,346.0121,556.4038,338.2736
126,502.8048,131.0639,440.9989,343.9831,556.0165,344.3003
127,503.1387,129.2498,444.4299,345.1897,555.1153,353.8235
128,502.7659,128.0337,448.8738,350.1534,551.2105,364.7429
129,502.8483,127.7889,453.2776,359.0972,548.0821,374.0032
130,502.3669,126.8922,459.2289,369.7449,545.4598,382.7198
131,502.5107,126.384,464.9091,380.4975,542.1383,389.2321
132,502.052,126.2197,469.3197,388.9996,538.4325,393.0848
133,501.8812,126.3004,472.0409,394.1115,534.8281,394.821
134,501.1703,125.739,474.6648,397.3231,531.7825,395.1878
135,500.8546,125.4179,477.094,399.2386,529.7088,395.8355
136,500.1507,124.7458,480.3062,400.9279,528.6654,396.709
137,500.0034,124.2606,480.5751,402.2677,528.6707,397.653
138,499.6657,123.4043,480.9744,403.3397,528.7677,398.6254
139,499.2405,123.229,481.4689,403.4958,529.2995,399.6209
140,499.1044,122.4866,481.686,404.3202,529.4998,400.493
141,498.8993,122.282,481.8216,404.506,529.5434,401.3866
142,498.863,121.6847,481.9583,404.6032,529.6783,401.3051
143,498.507,121.0439,482.1786,404.7343,529.8128,401.2339
144,498.4299,120.4514,482.288,404.8136,529.9848,401.1311
145,498.4285,121.0194,482.4226,404.9561,530.1443,401.0814
146,498.1436,120.4793,482.5351,405.0536,530.3351,401.0218
147,498.232,120.6406,482.6259,405.1722,530.5101,400.948
148,498.0097,120.7143,482.6748,405.2564,530.7423,400.9196
149,498.197,120.7542,482.7052,405.2946,531.0034,400.8774
150,498.2181,120.6684,482.7136,405.3552,531.154,400.8097
151,498.4797,120.7825,482.7363,405.4149,531.4326,400.8144
152,498.6988,121.2796,482.7382,405.5302,531.8003,400.7517
153,498.9008,121.0944,482.7685,405.5818,532.1857,400.6853
154,499.023,121.7673,482.8271,405.6183,532.3797,400.6913
155,498.7887,122.2026,482.8069,405.6613,532.9529,400.6475
156,498.9648,121.6924,482.8308,405.6966,533.0177,400.488
157,498.8002,122.1032,482.908,405.6683,533.648,400.2839
158,498.706,122.2704,482.8012,405.6559,533.7303,399.6997
159,498.7903,122.4091,480.2416,406.0657,534.676,399.0472
160,498.691,122.6627,474.9681,408.8364,538.6,398.0987
161,498.6931,123.4119,469.2441,412.1453,548.0583,397.7947
162,498.7463,123.8848,463.1908,411.1808,555.9158,392.6617
163,498.6891,124.6544,455.5327,395.3077,563.6323,385.4086
164,498.5669,124.8422,456.0708,370.1136,568.7478,371.5353
165,498.4343,125.3049,463.8762,341.5968,569.4858,356.3871
166,498.1381,125.1367,475.8288,313.8404,568.9466,340.9206
167,498.0969,125.5391,488.4278,292.1519,569.1053,325.7277
168,498.1948,125.5241,498.3648,280.9834,566.7728,315.2755
169,498.6924,126.0916,506.1377,278.715,564.2232,308.4527
170,499.3474,126.821,511.912,282.9876,560.9068,305.8238
171,500.302,127.8116,513.7366,293.8703,557.0268,305.391
172,500.8564,128.5002,507.6688,305.9722,553.0574,309.3697
173,501.4854,129.4279,494.1688,318.4568,553.0628,315.315
174,502.2468,129.3983,473.8639,330.9479,556.1976,317.1754
175,502.7263,129.2252,455.4621,339.2228,558.1207,317.371
176,503.0774,129.1051,440.7964,335.3217,558.0608,317.1708
177,503.2305,128.6029,437.8643,321.5366,559.3771,316.8237
178,502.8757,128.2512,447.0709,305.7645,559.7039,318.0859
179,502.6416,128.3602,460.5825,292.702,559.2826,319.6133
180,502.4862,128.3474,475.8915,285.1187,557.4076,321.3817
181,502.1548,128.4206,487.7278,284.4064,556.5939,321.2401
182,502.3379,129.5386,498.3326,290.7453,554.0683,321.5836
183,502.5539,130.517,505.7554,302.3567,551.6012,321.1409
184,503.4591,131.1377,504.2263,315.8821,550.4386,320.6445
185,503.8329,130.9939,492.7464,327.2048,551.9107,322.7543
186,503.8565,131.5628,475.1481,335.9754,554.4196,325.0478
187,503.6135,130.7928,459.494,340.418,556.2608,325.0834
188,503.0164,130.2262,446.5717,333.9337,553.4038,326.0269
189,502.8152,129.4752,448.8633,319.3246,554.4804,325.8327
190,502.6139,129.4145,461.9163,304.543,555.7353,326.6852
191,502.8664,128.4949,477.4872,292.7653,556.1738,328.2522
192,503.0862,129.091,492.5833,286.1332,555.0935,329.6385
193,503.443,129.8306,504.3495,286.5412,554.0247,330.646
194,504.0763,130.4344,511.8246,294.3223,552.124,330.5394
195,504.5044,131.0402,515.4985,307.9357,550.8161,329.3835
196,505.2482,131.8222,509.1391,322.9587,550.9328,328.7348
197,506.2157,131.8974,494.3386,335.8119,553.3055,331.1485
198,506.4868,131.8137,474.7056,347.4188,556.3086,334.1332
199,506.5215,131.0646,457.7189,354.8158,558.9017,334.647
200,506.029,130.5316,441.9251,354.2303,558.0532,336.7392
201,506.3245,128.8245,437.9649,349.4347,558.2969,339.9887
202,506.3788,127.4723,439.6815,347.1181,561.1884,346.6334
203,505.7967,126.8014,444.9664,347.3845,552.6686,358.2202
204,505.5621,125.6345,451.5985,352.2129,548.1206,369.7614
205,505.283,124.6807,461.9042,360.0221,544.8108,379.6293
206,505.245,124.1493,469.0021,368.8014,543.3062,387.3307
207,504.8872,124.391,472.7898,378.2433,539.7814,391.7252
208,504.4379,123.4823,474.8815,385.4612,535.1569,393.3749
209,504.3022,123.4788,477.0635,391.3745,529.9721,394.3774
210,503.6397,123.1614,478.4885,395.6059,525.3578,395.6024
211,503.0632,122.5432,480.7113,399.1247,522.8749,397.4589
212,502.4667,122.3554,481.3216,401.0388,521.7265,398.5192
213,502.0971,122.1494,481.3767,400.9071,521.5619,398.592
214,501.5159,121.3134,481.6867,400.8272,522.3356,399.4658
215,501.2009,121.3649,481.7234,401.9241,522.3436,400.4651
216,500.9991,120.8211,481.6463,403.0284,522.5043,401.3069
217,500.8812,120.0024,481.6373,403.0809,522.7125,401.1732
218,500.7443,119.7716,481.5781,403.0778,522.9151,401.0115
219,500.921,119.8132,481.4219,403.0611,523.1152,400.8843
220,500.6969,119.8258,481.2826,402.9771,523.3475,400.7254
221,500.7483,119.5174,481.5581,402.9962,523.5891,400.5782
222,500.8097,119.8839,481.3135,403.0772,523.8532,400.5401
223,500.8422,119.9308,480.7763,402.9873,524.0968,400.5058
224,500.8584,120.0244,479.0844,403.3522,524.3395,400.4811
225,501.2325,120.0812,479.7657,403.1329,524.5485,400.3971
226,501.7524,120.3085,477.6621,403.47,524.8918,400.3574
227,501.8871,120.928,477.4803,403.4012,525.3477,400.3035
228,502.2107,120.6887,475.4674,403.2354,525.9823,400.2336
229,502.0055,121.0652,477.9655,401.995,526.9871,400.131
230,501.9886,121.6805,479.5331,401.7991,529.6878,401.0724
231,502.1063,121.9727,476.0766,402.4351,536.0712,397.3198
232,502.0536,122.9381,471.0961,399.2449,547.1256,393.5128
233,502.038,123.402,465.267,391.7082,556.6619,390.9513
234,501.6168,124.0165,458.0678,369.4614,570.912,381.422
235,501.5131,124.6138,458.4739,344.2157,574.257,370.5216
236,501.3079,124.5227,467.6236,314.4873,579.633,353.7315
237,501.273,124.8222,475.2603,291.3036,580.3231,339.3755
238,501.8007,124.812,484.102,274.1572,585.8826,321.7381
239,501.9289,125.2031,492.2358,265.4457,580.9407,312.7561
240,502.2164,126.4528,499.5403,263.1734,573.9146,306.2285
241,502.7096,127.4065,506.4531,266.9439,571.8146,302.4654
242,503.6096,128.0903,510.9904,277.4713,564.8627,303.1275
243,504.0883,129.0958,513.5698,291.6282,559.7689,304.1977
244,504.8474,130.0512,509.0935,305.8552,556.8426,307.5545
245,505.4712,129.9837,497.6115,316.2756,556.4278,314.8625
246,505.8338,130.2568,479.1173,325.6866,558.6082,317.6616
247,506.1364,129.7504,460.7935,333.5656,560.2762,318.2186
248,506.1764,129.7247,443.6118,331.7335,555.5698,320.2139
249,506.0258,129.3245,439.6625,322.0974,556.3138,321.3503
250,505.6733,129.3186,449.3769,307.9889,556.4568,323.7778
251,505.1143,129.7375,465.0174,295.2848,555.827,325.8392
252,504.8601,129.6433,481.0651,288.1154,554.7255,327.2379
253,504.6056,129.8191,493.8011,286.8011,552.4073,327.918
254,504.5473,130.478,503.4447,291.3345,550.2364,327.6054
255,504.9806,131.5572,509.5893,300.4277,547.7543,326.359
256,504.9786,132.1303,508.3009,312.5101,546.8292,325.0658
257,504.9541,132.3647,497.9459,322.4564,547.5233,327.4459
258,505.1332,132.3699,480.8808,332.9975,548.8273,330.4538
259,504.9933,131.7863,463.7693,340.274,552.0909,329.1781
260,504.9473,131.5234,451.4499,340.1184,553.7548,327.9341
261,505.0451,130.6866,447.2259,328.8966,553.7726,327.9842
262,504.8175,130.3938,457.2838,314.291,554.8777,329.6775
263,504.7479,129.7672,472.0541,301.7049,555.2349,331.6844
264,504.5261,130.1304,488.7884,292.8587,555.2628,332.8619
265,505.2647,130.7448,499.258,292.7534,554.0835,332.8831
266,505.0025,131.3284,508.1811,296.7755,551.6636,332.7573
267,505.9584,131.7686,513.4333,308.9347,550.5053,330.6605
268,506.7309,132.714,509.4452,321.8692,550.1369,329.0823
269,507.1922,132.406,497.8793,332.7537,551.5809,332.7843
270,506.6897,132.4712,479.4155,343.6917,555.2817,335.3668
271,506.6341,131.3606,462.627,351.1941,558.7961,335.6145
272,506.4992,130.7997,449.1601,351.434,556.6605,338.3429
273,506.3173,129.3429,444.6749,347.5374,556.8886,342.4341
274,506.0639,128.1322,445.592,346.7507,558.9215,350.0128
275,505.5326,127.0339,450.085,349.8512,556.5216,360.1414
276,505.3874,126.2008,456.5679,356.2036,550.6237,370.039
277,505.0009,126.1245,465.7035,366.1209,546.4544,380.7152
278,504.7403,125.6258,474.5005,377.9695,542.9208,388.3956
279,504.4125,125.0199,478.7024,387.2148,538.9161,392.919
280,504.2831,124.8334,480.3399,393.1347,534.9904,395.8797
281,504.1133,124.2695,480.8995,396.8375,531.8068,397.901
282,503.4701,124.0603,483.1249,400.1137,529.8364,399.2116
283,503.0078,123.843,484.3979,401.9673,529.557,399.768
284,502.4677,123.4668,485.9984,401.6727,529.6138,398.869
285,502.0596,122.6044,487.235,400.6836,529.4169,398.612
286,501.6686,122.2751,487.7351,401.633,529.5301,399.3689
287,501.4631,122.1068,488.0275,402.7546,529.6503,400.1374
288,501.3803,120.9324,488.3883,402.919,529.9064,400.8945
289,501.4358,120.6092,488.7776,402.8987,530.0135,400.6516
290,501.419,120.3687,489.1543,402.8906,530.35,400.4538
291,501.3588,119.8885,489.475,402.8946,531.0187,400.3407
292,501.5595,119.9018,489.7531,402.9742,531.0752,400.0872
293,501.306,119.5359,490.0591,402.9928,531.5445,399.9095
294,501.6133,119.4881,490.3788,402.9799,531.9956,399.7496
295,501.6974,120.0297,490.6536,402.9935,532.6722,399.7014
296,501.9615,120.1991,490.908,403.0012,533.7316,399.665
297,502.1308,120.269,491.1811,403.002,533.8429,399.5861
298,502.4069,120.5376,491.366,403.0682,534.9051,399.5599
299,502.729,120.9094,491.6247,403.0935,535.3689,399.599
300,503.1993,121.115,491.6914,403.2453,537.004,399.6735
301,503.0642,121.1035,490.4149,404.7621,537.8264,399.0385
302,503.2212,121.3439,485.6569,408.4711,542.9728,397.4729
303,503.4254,122.157,481.2049,409.8404,553.3053,395.7944
304,503.6324,122.7019,474.8807,408.5474,561.7681,394.031
305,503.6801,123.186,465.3266,394.6098,566.5168,390.6806
306,503.3718,123.6409,457.857,372.3033,573.6459,379.3428
307,503.107,123.5694,458.3375,342.6742,578.638,364.5904
308,502.7904,123.9471,465.7229,309.8196,581.8897,347.7491
309,503.0084,123.8274,473.2042,288.3957,577.8176,332.4709
310,502.9938,124.5085,483.6069,271.4325,578.2128,318.6525
311,503.1242,124.5746,489.5379,264.0456,572.5886,310.8921
312,503.6391,125.5906,496.3513,263.0282,573.4137,303.6045
313,504.0926,126.7947,502.9692,267.3221,564.6061,303.8896
314,504.9039,127.8183,507.1163,275.8317,562.093,305.2853
315,505.2594,128.7032,507.504,289.0832,558.6155,308.0162
316,505.8472,129.6585,504.5429,305.0132,555.5853,312.2282
317,506.8112,130.2657,496.7805,317.3236,553.5409,321.1253
318,506.2024,130.8322,482.0926,330.7528,550.9746,329.7641
319,507.1194,130.0868,464.898,341.2579,551.5867,332.3075
320,507.6769,129.7356,451.2653,344.923,552.958,332.3191
321,507.8872,129.3546,441.3186,338.9056,552.0198,333.404
322,507.7824,129.2481,444.0443,324.596,553.9834,334.5407
323,507.345,128.5918,453.436,310.1638,555.2663,336.6246
324,506.2286,128.6707,466.0628,295.5649,554.9482,338.4266
325,505.9441,128.4645,479.1798,286.6028,554.1649,338.82
326,505.01,128.9466,490.667,283.8585,552.5489,338.2605
327,505.0294,129.2034,499.3564,286.876,550.4425,336.6879
328,505.7737,129.3222,505.1347,296.9476,548.1074,335.0639
329,505.86,129.6119,506.8952,313.1922,546.1858,331.416
330,506.0114,130.1859,498.6617,326.735,546.1914,330.0057
331,506.0105,130.2552,481.1018,335.0244,546.6201,334.6323
332,505.8905,129.6584,462.5407,339.9572,550.8299,336.7129
333,505.2221,129.6674,450.8411,339.2113,552.5469,336.4614
334,505.1111,129.0856,444.1439,329.7782,552.861,335.6957
335,504.6345,128.3012,451.4588,315.7618,553.5289,335.1916
336,504.3465,128.0543,465.1218,302.2751,551.8445,336.2638
337,504.3449,127.7407,479.7385,293.4142,550.2675,337.3003
338,504.4173,127.9579,491.6016,290.5817,550.5365,337.2071
339,504.5703,128.7349,501.4913,292.7413,549.7557,337.3368
340,504.8921,129.1479,508.4561,300.8661,548.9694,337.6553
341,505.2239,130.143,510.7097,314.3203,548.4176,336.497
342,506.0345,130.7099,504.305,329.0082,549.5219,335.7711
343,505.5757,130.9973,491.4776,339.6983,550.0485,341.437
344,505.8953,130.4257,473.5356,349.6665,554.2369,345.0841
345,505.4218,129.8637,458.0208,356.107,556.8847,346.0859
346,505.3578,128.7165,446.5928,353.7587,556.1024,348.7615
347,505.5955,127.5144,444.1362,348.2878,557.3246,351.7635
348,505.1799,126.826,448.4235,345.4026,556.151,359.2502
349,504.9908,125.7796,454.7936,346.9067,554.0921,366.8413
350,505.017,125.0077,460.9455,352.3827,547.9577,373.961
351,505.2471,124.5612,468.4936,361.8965,539.7212,379.9087
352,505.2658,124.4375,475.3482,372.8777,534.3347,384.7726
353,505.1906,123.9681,479.9312,383.4267,529.8645,388.7008
354,505.0854,123.841,482.7722,391.1772,525.1883,392.3916
355,504.8599,123.4795,483.2751,394.6365,522.3077,396.0881
356,504.5001,123.0509,484.6032,396.499,520.9642,398.1914
357,504.3786,122.4668,484.6723,398.0186,519.2079,399.1253
358,504.0546,122.4841,484.6047,399.7883,518.2461,400.7015
359,504.3859,122.8813,484.1769,399.0598,519.7628,400.9758
360,504.0657,122.2617,484.9871,400.9147,519.4606,401.6887
