1,496.6791,124.379,472.071,399.4977,538.4697,399.0324
2,497.0546,124.5304,472.6067,399.2143,536.8946,398.4287
3,497.1119,124.1673,472.7209,399.036,535.942,398.2642
4,497.0605,124.4986,472.56,398.6987,535.4667,398.1221
5,496.9954,124.0252,472.4097,398.4471,534.9468,398.0374
6,497.1298,124.4723,472.1278,398.122,534.485,398.0105
7,497.0561,124.3899,471.9281,397.6631,534.3115,397.9705
8,497.4555,124.3433,471.5152,397.1404,533.8225,397.9399
9,498.2732,124.337,471.1702,396.2977,533.5268,397.9044
10,499.1669,124.7124,469.1855,394.7814,533.3825,397.9201
11,500.288,124.3195,462.666,390.047,533.4836,397.983
12,501.6578,124.9697,449.5661,375.5484,534.1275,398.0401
13,502.4321,124.7251,436.6529,355.3196,535.6717,398.4306
14,503.7208,125.1374,424.0335,327.9919,535.8743,398.3426
15,505.8144,124.9891,411.9947,299.9792,535.7888,398.3151
16,507.7498,125.1162,403.873,275.302,535.2161,398.3854
17,509.967,125.597,397.7211,255.493,535.3078,398.2605
18,511.7069,126.0456,395.7384,241.1498,534.382,398.4471
19,513.5345,126.0814,397.1005,232.4688,533.3217,398.5013
20,515.0604,126.7676,399.7919,228.7608,532.5428,398.3614
21,516.4162,126.7664,403.1536,226.575,532.4092,398.3989
22,517.6898,127.4066,406.8478,225.4435,533.0666,398.3578
23,518.9518,127.5719,411.1776,224.8569,533.6824,398.1858
24,519.6698,128.3094,417.405,225.5164,534.9954,398.0806
25,520.2211,129.2984,424.8106,226.8223,535.0764,397.8968
26,521.5155,129.5785,432.0003,228.6003,536.25,397.7507
27,522.063,130.2929,440.4561,230.6189,536.6669,397.5369
28,522.7592,130.4767,448.3058,231.9638,536.7997,397.8031
29,523.3084,131.108,456.1749,232.6038,536.9792,398.0282
30,523.311,131.6059,465.7097,233.657,537.6648,398.2465
31,523.5111,131.6104,474.3771,234.3756,536.9036,398.3389
32,523.2433,131.3308,483.2566,234.8151,536.686,398.6598
33,522.5629,131.2521,491.3692,234.6514,536.2894,399.0483
34,521.834,131.255,497.8933,234.2451,536.6945,399.2142
35,521.3276,131.3225,501.7246,233.6566,536.6383,399.0552
36,521.2982,130.792,503.071,233.4704,536.6385,399.2025
37,521.2235,130.6,502.9874,233.6921,536.7044,398.904
38,520.205,130.8119,501.3177,234.5506,536.7675,398.8244
39,519.5358,130.0937,498.3394,236.3577,536.7027,398.7065
40,518.7698,130.3203,495.1135,238.7172,536.5721,398.6929
41,518.5872,129.5848,490.1194,242.0943,536.1917,398.4873
42,518.0918,128.884,485.074,248.8535,535.8422,398.4028
43,518.1637,127.754,480.6103,259.5242,535.8622,398.0912
44,517.8138,127.2853,475.6254,274.7599,535.7869,397.8682
45,517.0753,126.5354,469.9745,294.4565,535.5616,397.921
46,516.0424,126.5339,467.0515,315.2835,535.5521,397.8255
47,514.9635,126.1093,466.6257,337.6567,535.4019,397.5867
48,513.6293,126.1328,468.0217,358.4855,537.7038,398.4918
49,512.3921,126.0411,469.067,375.2588,537.4504,398.8554
50,510.5963,125.3964,471.4261,385.6767,536.8217,398.5078
51,508.5331,125.1857,472.3236,391.457,536.0793,398.6378
52,506.3699,124.7822,471.3952,394.8195,534.8191,399.2254
53,504.4893,124.5533,473.8596,396.7502,534.2358,399.8119
54,502.1507,124.0414,475.1194,398.257,533.9968,400.1762
55,500.2416,123.7083,476.0302,398.3313,534.6316,399.9301
56,498.5983,123.586,475.6727,398.2598,534.4928,399.6589
57,497.198,123.0216,475.3598,398.2559,534.3107,399.4055
58,495.8867,122.4452,475.1204,398.2984,534.1892,399.1666
59,494.795,121.7705,474.9286,398.3255,534.0544,398.9272
60,494.0235,121.6155,474.6383,398.2414,533.8868,398.732
61,493.8822,122.2198,474.3274,398.0214,533.6809,398.5216
62,493.074,122.0334,474.0322,397.8168,533.5267,398.3101
63,492.9011,122.083,473.6409,397.6466,533.3885,398.1198
64,493.2329,122.0708,473.0637,397.4788,533.255,397.9467
65,493.9797,122.2694,471.693,397.4738,533.1337,397.8129
66,494.7747,122.8329,471.9136,396.9387,533.0938,397.6774
67,496.2328,122.9032,473.1167,395.795,533.1743,397.5231
68,497.8505,123.7271,465.6113,388.8418,533.4814,397.3325
69,499.7236,124.3288,449.4628,369.2285,534.1423,397.2605
70,501.2788,124.9633,432.0295,341.2586,535.7583,397.4387
71,503.0456,125.1837,416.0193,306.189,537.0723,397.4956
72,505.1703,125.2794,404.7875,275.0277,536.7383,397.9297
73,507.3079,125.8429,397.1968,246.8626,535.7744,398.1991
74,509.1985,126.2753,396.3687,227.8451,535.3808,398.2011
75,510.6917,126.8288,398.8151,215.7777,534.0377,398.1961
76,512.2872,127.5824,404.2449,210.6308,533.0955,398.367
77,513.4279,127.8519,410.2212,208.791,532.7333,398.3834
78,514.4506,129.1066,416.4137,208.7862,532.4374,398.326
79,515.4088,129.3306,422.6621,209.2836,532.8821,398.2077
80,515.7983,130.3477,430.6576,210.6912,534.2593,398.0437
81,515.9647,130.7679,440.2051,212.8634,535.1194,397.9702
82,515.6628,130.9036,449.9436,215.0125,536.1734,397.9068
83,515.4708,131.2937,459.9221,216.1058,537.0622,398.0102
84,515.0187,131.2335,469.0711,216.7718,537.2351,398.204
85,515.0021,131.2794,478.2219,218.178,537.2299,398.0493
86,514.0705,130.8952,487.0526,219.3773,537.062,398.4597
87,513.4206,130.0067,493.5158,221.0692,536.9939,399.0141
88,512.4347,131.5077,496.1624,221.038,536.6621,399.1009
89,511.8708,131.6756,497.2721,220.9704,536.3422,399.2505
90,510.7682,131.2241,497.6058,221.7706,535.7434,399.5013
91,510.6856,129.8349,496.5988,223.5431,535.6861,399.3327
92,510.0171,129.4774,493.4121,226.2847,535.2942,399.2966
93,509.5438,128.2852,489.8611,230.9083,535.0885,398.9417
94,508.9902,127.8954,485.6228,239.4913,535.4206,398.7873
95,508.7208,127.2742,482.4648,253.0014,534.9584,398.5315
96,508.3496,126.9139,477.4147,270.4615,533.9111,398.4768
97,508.4477,126.0167,474.8274,292.7813,534.8468,398.3434
98,507.3216,125.623,470.8673,316.4119,534.5764,397.9723
99,506.7766,125.3185,470.7097,338.6679,534.5909,397.7414
100,505.4389,125.282,471.5105,359.05,537.242,399.4092
101,504.2628,124.5094,472.4384,375.7867,537.874,399.9195
102,502.5034,123.8994,475.5972,386.6199,537.37,399.4403
103,501.0749,123.9265,474.5402,392.6064,536.434,399.5235
104,499.3104,123.1922,472.1895,396.1077,535.1878,400.1623
105,497.5,123.2128,473.0765,397.736,534.7175,400.8091
106,495.9795,122.757,475.1825,398.9993,535.2114,400.7415
107,494.3556,122.3855,475.4624,398.6406,534.9883,399.9254
108,493.0189,121.9727,475.283,398.5512,534.8553,399.7366
109,491.4413,121.9231,475.2579,398.5248,534.7136,399.604
110,490.1845,121.815,475.2823,398.4843,534.5439,399.4867
111,489.0858,122.0021,475.2899,398.4356,534.3773,399.3554
112,488.1848,121.5022,475.1676,398.411,534.2163,399.2267
113,487.4738,121.4682,475.0613,398.3337,534.0541,399.1042
114,487.2788,121.5676,474.977,398.2156,533.8955,398.9886
115,487.3489,122.1506,474.9622,398.0363,533.7478,398.8792
116,487.4032,122.11,474.8935,397.8827,533.6088,398.7568
117,487.7466,122.5788,474.7511,397.7642,533.4478,398.6537
118,488.5016,122.2815,475.1293,397.3686,533.3335,398.539
119,489.4364,122.6051,475.3008,397.2133,533.2537,398.4332
120,490.6738,122.793,474.2984,396.4799,533.3218,398.3359
121,492.015,122.726,471.709,394.2369,533.7423,398.3104
122,494.1843,123.364,463.1237,381.6078,535.3548,398.2377
123,495.6089,123.9785,450.8372,360.076,536.9149,398.2978
124,497.2985,124.4506,435.8239,325.6287,534.8739,397.086
125,499.325,124.4881,423.6138,293.0135,536.2576,397.5172
126,501.1587,124.8713,416.2929,264.1644,536.2505,397.589
127,503.1101,124.9829,412.3951,242.3717,536.2992,397.8173
128,505.2965,126.02,412.9898,229.0205,536.0253,397.8168
129,507.2574,126.4888,415.6828,222.3433,534.827,397.7695
130,508.9329,127.2674,419.1765,219.9821,533.9967,398.1629
131,510.5354,127.7735,423.2095,219.6767,533.584,398.1418
132,511.7722,128.6087,428.1206,220.4129,533.124,398.1609
133,513.2414,128.2033,435.9331,222.767,533.1984,397.9113
134,514.0635,129.1449,445.0278,224.9485,534.7836,397.5353
135,515.0298,129.8401,454.2811,225.7604,535.7538,397.404
136,515.6171,130.4141,462.8125,226.2677,537.1295,397.4591
137,516.3152,130.9498,472.3704,227.3754,537.5319,397.3822
138,516.7507,131.0044,482.1872,228.4808,537.2652,397.4149
139,516.8523,131.7051,494.047,231.6338,537.2992,397.8659
140,516.494,131.6442,504.3461,234.0593,537.7445,397.8625
141,515.9885,131.5555,511.0842,235.7817,538.2269,398.6053
142,515.6588,131.3648,515.8843,237.4102,538.2018,398.6227
143,515.1579,130.9047,518.1027,238.6611,538.391,398.8788
144,514.6175,130.6002,516.7639,239.4298,538.5102,398.6696
145,513.608,130.5211,514.9086,240.703,537.1587,398.7163
146,512.6025,130.2436,510.4449,242.5684,536.9573,398.7807
147,511.9002,129.6981,505.8113,246.3062,536.4953,398.8163
148,511.7567,128.9367,501.3457,253.3749,535.9543,398.7177
149,511.5224,127.9338,494.7464,264.2178,535.7904,398.711
150,511.0559,127.4481,488.389,279.5783,535.1858,398.4462
151,510.5152,127.6007,484.1715,301.3638,534.9182,397.963
152,509.6666,127.0053,477.5924,322.2389,534.5055,397.736
153,508.6934,126.4273,474.6297,344.0144,535.3029,397.8029
154,507.5653,126.1059,472.6847,363.5169,536.4676,397.46
155,506.2807,125.5356,471.6155,377.8307,536.7554,396.9758
156,504.23,124.9035,471.5962,386.7674,536.326,396.8066
157,502.315,124.7113,467.6284,390.7534,535.6762,397.2707
158,500.5933,124.1389,468.4102,393.5404,534.5538,397.9268
159,499.0006,123.7376,469.6559,396.2172,534.0443,398.5601
160,497.3084,123.4264,471.8016,397.8958,533.8835,399.2453
161,495.3367,122.9328,472.7102,397.9133,533.741,399.0758
162,494.1008,122.7662,472.4605,397.8822,533.6232,398.869
163,492.5091,122.3725,472.1415,397.9863,533.5088,398.7158
164,490.9219,122.174,471.8643,398.0551,533.4322,398.5937
165,489.8194,121.7319,471.6236,398.1011,533.3564,398.4868
166,488.7301,121.6693,471.324,398.1802,533.2589,398.3956
167,488.1648,121.8389,470.9488,398.3056,533.1322,398.3181
168,487.4674,121.8509,470.4212,398.3684,533.0194,398.2379
169,487.2235,122.3345,470.5908,398.251,532.9245,398.1413
170,487.0343,122.3613,470.3084,398.1805,532.8829,398.0429
171,487.0514,122.3817,469.9707,398.0571,532.7591,398.0165
172,487.3097,122.5386,469.7283,397.9564,532.6642,397.9775
173,487.6965,122.4868,469.469,397.8176,532.6299,397.9152
174,488.7018,122.95,469.1007,397.6415,532.6475,397.8625
175,489.3605,122.3506,468.6701,397.5032,532.6687,397.8388
176,490.8523,122.7962,469.2455,396.9534,532.7296,397.9283
177,492.7679,122.8347,462.8118,392.6931,532.9206,398.0446
178,495.0944,123.6346,449.7471,376.3915,533.7714,398.0157
179,496.991,123.5092,436.0124,354.6446,535.5081,397.6945
180,498.8811,124.4226,421.1499,324.1056,536.206,397.4297
181,501.2921,125.2557,407.7068,294.8381,536.038,397.4674
182,503.3061,125.1016,401.7615,267.223,535.3844,397.4869
183,505.6035,125.9103,399.4859,249.0317,534.945,397.4924
184,507.3749,126.2459,402.4143,236.5075,534.595,397.4458
185,508.9171,126.9959,406.8958,227.8309,534.2981,397.7954
186,510.3686,127.6893,412.9268,222.149,533.7221,397.7853
187,511.5138,128.2968,420.5357,220.4774,532.9349,398.0733
188,512.4979,129.5294,429.0072,220.6033,533.2738,398.0473
189,513.4288,129.7826,438.8288,221.8431,533.6116,397.8464
190,514.5976,131.1306,447.2984,221.8613,534.6544,397.5231
191,515.3099,131.8271,457.584,222.9802,535.7397,397.524
192,516.1759,132.8649,467.4728,224.3149,536.2759,397.3528
193,516.9616,132.6803,479.9217,228.1013,536.9088,397.6991
194,517.5746,133.4017,490.9887,231.01,537.4065,398.0995
195,517.9546,133.1588,500.6721,233.1278,537.7709,398.2623
196,517.7218,133.1091,508.3937,234.6623,537.6842,398.7632
197,517.4279,132.8985,514.5732,236.8914,538.2582,399.03
198,516.7859,132.3936,517.9879,238.5523,538.0737,399.3121
199,516.3262,131.8688,518.0475,239.5726,538.4705,399.0571
200,515.5829,131.5065,516.3523,240.3983,538.1784,399.1611
201,514.9298,131.1378,513.2509,242.441,537.7114,399.0489
202,513.8249,130.4321,508.8418,245.1697,536.9233,398.7512
203,513.2104,129.3061,503.3933,250.0404,535.9823,398.6422
204,512.8993,128.7003,497.7432,259.1145,536.2511,398.3525
205,512.7055,127.9638,492.4991,273.8894,535.5051,398.2262
206,512.0959,127.6129,487.5064,291.9218,534.602,397.8413
207,510.9931,127.0801,481.7134,313.1412,534.26,397.6502
208,510.3743,126.5612,476.5559,335.1392,534.51,397.3422
209,509.5665,126.0215,476.1842,357.1154,536.6701,398.5207
210,508.2696,125.9941,477.0619,374.2406,536.6229,398.8112
211,506.8671,125.0915,479.3881,384.3606,536.2691,398.3801
212,505.3192,124.4558,479.3536,389.2182,535.7347,398.484
213,503.4727,124.4519,475.6311,391.5756,534.4928,399.0275
214,501.8927,124.3421,476.0782,393.8818,532.577,399.4809
215,500.0955,124.1844,478.9412,395.3959,532.2717,400.0593
216,498.2317,123.5921,478.3268,396.9478,532.2108,400.6285
217,496.443,123.5969,476.8498,397.8932,531.8703,400.322
218,494.826,123.0202,476.6467,397.8856,531.7469,400.0021
219,493.405,123.1164,476.4748,397.9901,531.6425,399.7064
220,492.4339,122.7849,476.5536,398.0542,531.5116,399.4921
221,491.3122,122.1955,476.2481,398.0652,531.3803,399.2884
222,490.7121,122.6861,476.0018,397.9654,531.2554,399.0804
223,490.3068,122.6977,475.6577,397.7098,531.1123,398.8562
224,490.442,123.0449,475.1256,397.4815,530.9713,398.6634
225,490.4241,123.6627,474.393,397.3763,530.8596,398.4835
226,491.2015,123.8493,473.017,397.2276,530.7367,398.2982
227,491.6996,123.6471,473.2427,396.4064,530.6356,398.1275
228,492.8836,124.3118,474.9563,396.3377,530.5326,397.9947
229,494.075,124.7709,468.6736,392.6988,531.684,397.8726
230,495.9559,125.1471,454.705,377.0196,534.0032,397.6292
231,497.2231,125.1659,439.1356,354.1218,535.7698,397.8579
232,498.4731,125.0016,426.5233,322.9338,536.4986,397.7411
233,499.8318,125.7225,414.6341,289.7589,537.1802,398.0124
234,501.4624,125.6265,408.1506,261.974,537.0561,397.9963
235,502.78,125.689,408.0863,242.2253,536.3521,398.1575
236,504.1513,126.3314,411.3765,229.8343,535.3931,398.1055
237,505.8514,126.6716,414.5268,223.3306,534.6627,398.1184
238,507.2303,127.5951,418.7466,220.4866,533.5675,398.3024
239,508.4997,128.3801,423.0901,219.5036,533.3898,398.4088
240,509.3435,129.6246,429.9763,220.6692,533.1192,398.5726
241,510.4172,130.6574,439.8503,223.4053,534.0959,398.3032
242,511.2589,131.5999,449.0856,225.6384,535.3139,397.8968
243,511.7307,131.6789,458.7947,227.388,536.2646,397.9102
244,512.2091,132.34,468.3636,229.7959,536.8719,397.9055
245,512.5099,132.3819,479.0561,232.4949,537.6885,397.8332
246,512.5348,132.9715,490.3466,235.5545,538.2914,397.8109
247,512.5148,132.9866,501.2145,238.2837,538.1871,398.3688
248,511.963,132.8303,510.3807,240.1293,537.9459,398.8972
249,511.6206,131.8152,515.5283,241.2651,537.8435,399.2911
250,511.6005,131.4384,518.3458,243.3789,537.8318,399.3738
251,511.177,130.9055,517.1752,245.3908,538.0695,399.555
252,511.4288,130.2346,513.7539,248.8424,537.9003,399.629
253,511.6829,129.8659,508.3492,253.4737,537.4624,399.1526
254,511.1721,129.3759,502.5531,260.4082,537.1136,399.0531
255,511.5265,128.4968,494.9962,269.5065,535.9296,399.2829
256,511.1731,127.8265,489.9753,284.9277,536.026,398.7492
257,511.0777,127.4466,484.1003,301.3242,534.9881,398.5713
258,510.3959,127.4102,477.0251,320.7678,534.4287,398.4293
259,509.5158,126.8975,473.6816,342.4306,534.2879,397.9272
260,508.5825,127.0159,471.9733,362.6553,536.5298,399.3533
261,506.914,126.3256,472.5312,379.0951,537.4913,399.8427
262,504.7712,126.5153,475.5637,388.6177,536.9465,399.886
263,503.0676,125.5912,475.8938,394.4312,536.3056,399.6225
264,500.7773,125.5198,473.4459,398.4965,535.3482,400.1715
265,498.7924,124.9698,475.9346,399.5551,535.1288,401.1525
266,496.8913,124.8578,479.0085,402.272,535.1379,401.2025
267,497.9568,125.0364,478.7321,401.7029,535.1362,400.1728
268,496.9421,125.3878,478.6063,401.5141,535.0597,400.1071
269,495.1309,124.6527,480.4903,402.2519,534.9991,401.0966
